0 0.0859375 0.1546875 0.11328125 0.0625
0 0.19140625 0.22578125 0.1125 0.065625
0 0.08671875 0.23359375 0.0875 0.05625
0 0.0953125 0.30625 0.08125 0.053125
0 0.09453125 0.5 0.0921875 0.05546875
0 0.73671875 0.215625 0.084375 0.05625
0 0.8453125 0.29140625 0.08359375 0.053125
0 0.19140625 0.6296875 0.08671875 0.05234375
0 0.74140625 0.14609375 0.078125 0.05078125
0 0.10078125 0.36875 0.078125 0.0546875
0 0.41484375 0.15703125 0.08125 0.0515625
0 0.17890625 0.7625 0.071875 0.0515625
0 0.5109375 0.821875 0.10390625 0.05625
0 0.51796875 0.89375 0.0890625 0.0546875
0 0.50234375 0.49609375 0.08125 0.053125
0 0.1859375 0.16015625 0.06875 0.05078125
0 0.853125 0.4234375 0.0859375 0.0484375
0 0.853125 0.62421875 0.08203125 0.04921875
0 0.0953125 0.9078125 0.09765625 0.053125
0 0.18515625 0.6953125 0.07890625 0.04921875
0 0.4140625 0.7546875 0.07890625 0.04765625
0 0.0921875 0.63046875 0.08515625 0.05234375
0 0.18984375 0.9046875 0.08046875 0.04921875
0 0.4109375 0.36015625 0.0921875 0.05859375
0 0.50625 0.16328125 0.08515625 0.053125
0 0.4140625 0.22578125 0.08359375 0.0546875
0 0.49765625 0.2984375 0.084375 0.0484375
0 0.41328125 0.8875 0.075 0.05
0 0.259375 0.8265625 0.08671875 0.08046875
0 0.09453125 0.4296875 0.084375 0.05078125
0 0.18515625 0.3046875 0.07734375 0.04921875
0 0.71015625 0.48828125 0.0765625 0.04921875
0 0.409375 0.6265625 0.07734375 0.05078125
0 0.1 0.76328125 0.075 0.0515625
0 0.08515625 0.703125 0.10078125 0.0609375
0 0.09765625 0.82734375 0.08359375 0.0546875
0 0.41171875 0.43046875 0.0828125 0.0515625
0 0.18671875 0.55546875 0.07890625 0.05
0 0.7453125 0.621875 0.10078125 0.06015625
0 0.84921875 0.48671875 0.08359375 0.04921875
0 0.50703125 0.559375 0.08671875 0.0546875
0 0.73125 0.28359375 0.08984375 0.05234375
0 0.1828125 0.36796875 0.0796875 0.04921875
0 0.409375 0.56171875 0.09375 0.06015625
0 0.178125 0.4265625 0.0765625 0.04765625
0 0.73203125 0.42734375 0.08984375 0.0515625
0 0.18203125 0.49140625 0.07265625 0.04921875
0 0.72734375 0.8921875 0.090625 0.05
0 0.74140625 0.3546875 0.0828125 0.04921875
0 0.85625 0.359375 0.08671875 0.05
0 0.41328125 0.49765625 0.07734375 0.05234375
0 0.73125 0.75625 0.10078125 0.06015625
0 0.86015625 0.81796875 0.08203125 0.04609375
0 0.85078125 0.55546875 0.08203125 0.04921875
0 0.50234375 0.2296875 0.08046875 0.05078125
0 0.85390625 0.88828125 0.08046875 0.0484375
0 0.50078125 0.36015625 0.08203125 0.0515625