0 0.91484375 0.84765625 0.12265625 0.07265625
0 0.80703125 0.7765625 0.11484375 0.065625
0 0.909375 0.76796875 0.08671875 0.05546875
0 0.9015625 0.69453125 0.08125 0.05390625
0 0.2578125 0.7859375 0.08515625 0.05390625
0 0.9046875 0.5 0.09296875 0.05703125
0 0.253125 0.8546875 0.07734375 0.05078125
0 0.14921875 0.709375 0.08359375 0.05234375
0 0.78984375 0.36875 0.0921875 0.0515625
0 0.5828125 0.84453125 0.08203125 0.05234375
0 0.4875 0.178125 0.1046875 0.05625
0 0.8953125 0.6328125 0.075 0.05234375
0 0.48125 0.10703125 0.090625 0.05390625
0 0.14296875 0.3765625 0.08203125 0.0484375
0 0.14296875 0.57734375 0.0859375 0.0484375
0 0.9046875 0.371875 0.0859375 0.05625
0 0.8125 0.30625 0.0796875 0.04921875
0 0.815625 0.23828125 0.07578125 0.05078125
0 0.496875 0.50625 0.08203125 0.053125
0 0.58359375 0.1140625 0.07578125 0.05
0 0.81015625 0.84140625 0.07109375 0.05
0 0.903125 0.571875 0.08515625 0.05
0 0.5828125 0.775 0.08359375 0.05546875
0 0.584375 0.246875 0.07890625 0.04765625
0 0.58828125 0.375 0.078125 0.05078125
0 0.4890625 0.8390625 0.08515625 0.05234375
0 0.8078125 0.096875 0.0828125 0.05
0 0.89921875 0.09375 0.09140625 0.0546875
0 0.8984375 0.17265625 0.084375 0.06015625
0 0.8125 0.69765625 0.0765625 0.046875
0 0.4984375 0.70234375 0.084375 0.04921875
0 0.3484375 0.521875 0.06484375 0.0921875
0 0.58671875 0.64140625 0.09140625 0.0578125
0 0.8984375 0.23671875 0.075 0.0515625
0 0.26328125 0.64609375 0.0921875 0.0515625
0 0.26796875 0.7171875 0.09609375 0.053125
0 0.91328125 0.2984375 0.10234375 0.06171875
0 0.14609375 0.515625 0.0828125 0.0484375
0 0.27265625 0.10703125 0.09453125 0.05078125
0 0.25078125 0.38125 0.096875 0.0546875
0 0.7125 0.18828125 0.08515625 0.1015625
0 0.58671875 0.5703125 0.08203125 0.05078125
0 0.13671875 0.18125 0.08359375 0.046875
0 0.58828125 0.43828125 0.09375 0.059375
0 0.26484375 0.57265625 0.08984375 0.05078125
0 0.815625 0.63515625 0.078125 0.04921875
0 0.2671875 0.24375 0.10390625 0.059375
0 0.49140625 0.440625 0.08828125 0.0546875
0 0.8109375 0.4453125 0.07578125 0.05
0 0.815625 0.509375 0.071875 0.04921875
0 0.81953125 0.575 0.07578125 0.046875
0 0.13984375 0.64140625 0.0875 0.05
0 0.14765625 0.4453125 0.08125 0.046875
0 0.49609375 0.77109375 0.08203125 0.0484375
0 0.1421875 0.11171875 0.0796875 0.0484375
0 0.584375 0.50390625 0.07734375 0.0515625
0 0.496875 0.640625 0.08203125 0.0515625