0 0.09140625 0.85078125 0.1203125 0.0734375
0 0.19921875 0.78046875 0.11640625 0.06484375
0 0.10234375 0.6984375 0.0796875 0.05546875
0 0.10078125 0.50390625 0.09453125 0.05703125
0 0.753125 0.7921875 0.08515625 0.05390625
0 0.090625 0.77421875 0.0796875 0.05546875
0 0.3046875 0.375 0.09296875 0.11015625
0 0.86171875 0.71484375 0.0859375 0.05234375
0 0.4234375 0.84921875 0.08046875 0.05078125
0 0.52421875 0.1796875 0.103125 0.05546875
0 0.753125 0.8609375 0.08203125 0.05234375
0 0.19453125 0.846875 0.071875 0.05
0 0.1109375 0.63671875 0.0734375 0.0515625
0 0.86796875 0.38046875 0.0828125 0.0484375
0 0.5125 0.50859375 0.08359375 0.053125
0 0.1921875 0.3078125 0.078125 0.0484375
0 0.528125 0.1078125 0.0890625 0.0546875
0 0.8703125 0.584375 0.08671875 0.0484375
0 0.1875 0.23984375 0.07109375 0.05078125
0 0.425 0.78125 0.0859375 0.05625
0 0.5078125 0.70859375 0.08671875 0.04921875
0 0.0984375 0.3734375 0.08515625 0.05703125
0 0.4234375 0.2484375 0.08046875 0.04765625
0 0.4234375 0.1140625 0.075 0.05078125
0 0.10234375 0.575 0.084375 0.05078125
0 0.196875 0.09765625 0.08203125 0.05
0 0.42265625 0.57578125 0.08203125 0.05
0 0.51953125 0.84375 0.08515625 0.05234375
0 0.4203125 0.6453125 0.09296875 0.05859375
0 0.10859375 0.09609375 0.084375 0.05234375
0 0.0953125 0.29921875 0.0984375 0.059375
0 0.10703125 0.2375 0.07578125 0.0515625
0 0.10625 0.17421875 0.08515625 0.0640625
0 0.7515625 0.6515625 0.0890625 0.04921875
0 0.41875 0.4421875 0.0921875 0.05546875
0 0.74375 0.72421875 0.09375 0.05234375
0 0.74765625 0.5765625 0.0921875 0.0515625
0 0.86640625 0.51953125 0.084375 0.0484375
0 0.19296875 0.70078125 0.078125 0.046875
0 0.190625 0.5125 0.07265625 0.05078125
0 0.51796875 0.44453125 0.08984375 0.05546875
0 0.19296875 0.44453125 0.08046875 0.05078125
0 0.4171875 0.3796875 0.07890625 0.0484375
0 0.87265625 0.64609375 0.0890625 0.05078125
0 0.87578125 0.1828125 0.08359375 0.04609375
0 0.74453125 0.2453125 0.09921875 0.059375
0 0.19140625 0.63671875 0.0796875 0.04921875
0 0.73515625 0.1078125 0.096875 0.05078125
0 0.1875 0.5765625 0.07578125 0.05
0 0.86640625 0.446875 0.0828125 0.0484375
0 0.76640625 0.38515625 0.09140625 0.0546875
0 0.5140625 0.7765625 0.08203125 0.05
0 0.86953125 0.11328125 0.08125 0.04921875
0 0.4203125 0.50859375 0.08203125 0.05234375
0 0.5125 0.64453125 0.08359375 0.0515625