0 0.08359375 0.15546875 0.115625 0.0671875
0 0.19140625 0.22421875 0.11328125 0.065625
0 0.09453125 0.30546875 0.08125 0.0546875
0 0.0859375 0.2328125 0.08515625 0.05625
0 0.09375 0.49921875 0.09140625 0.05625
0 0.73515625 0.215625 0.0859375 0.05546875
0 0.84453125 0.28984375 0.084375 0.05390625
0 0.1890625 0.62890625 0.0859375 0.053125
0 0.509375 0.821875 0.1046875 0.0546875
0 0.41328125 0.15703125 0.08125 0.05078125
0 0.74140625 0.14453125 0.07734375 0.05234375
0 0.85234375 0.621875 0.08203125 0.05
0 0.17734375 0.7625 0.07109375 0.05078125
0 0.18515625 0.159375 0.06953125 0.05078125
0 0.85234375 0.421875 0.0859375 0.04765625
0 0.51640625 0.8921875 0.08828125 0.05390625
0 0.184375 0.6921875 0.07890625 0.0515625
0 0.1 0.36796875 0.07578125 0.05234375
0 0.50078125 0.4953125 0.08203125 0.05234375
0 0.41328125 0.753125 0.07890625 0.046875
0 0.41328125 0.225 0.0859375 0.05546875
0 0.4125 0.88671875 0.075 0.05
0 0.50546875 0.1609375 0.08515625 0.053125
0 0.09375 0.4296875 0.08359375 0.0515625
0 0.0984375 0.76328125 0.07578125 0.0515625
0 0.40859375 0.62421875 0.0765625 0.05078125
0 0.496875 0.29765625 0.084375 0.0484375
0 0.090625 0.90703125 0.10546875 0.05390625
0 0.18828125 0.903125 0.07890625 0.04921875
0 0.09609375 0.8265625 0.0859375 0.05625
0 0.184375 0.30234375 0.078125 0.04921875
0 0.7203125 0.48671875 0.075 0.0484375
0 0.41015625 0.359375 0.09296875 0.05859375
0 0.2296875 0.82734375 0.090625 0.0578125
0 0.08984375 0.62890625 0.0890625 0.05390625
0 0.40703125 0.5609375 0.09375 0.059375
0 0.41015625 0.43125 0.08203125 0.0515625
0 0.8484375 0.48359375 0.0828125 0.0484375
0 0.18125 0.49140625 0.07421875 0.0484375
0 0.18515625 0.5546875 0.07890625 0.05
0 0.72421875 0.89140625 0.09140625 0.05
0 0.7328125 0.3546875 0.09140625 0.05
0 0.18125 0.365625 0.0796875 0.04921875
0 0.5046875 0.5578125 0.0859375 0.0546875
0 0.08203125 0.70234375 0.103125 0.0609375
0 0.73125 0.42578125 0.08671875 0.05078125
0 0.17734375 0.4265625 0.0765625 0.04765625
0 0.7296875 0.75625 0.09921875 0.06015625
0 0.73671875 0.2828125 0.0796875 0.05078125
0 0.41171875 0.496875 0.0765625 0.05234375
0 0.73828125 0.61953125 0.10703125 0.059375
0 0.846875 0.553125 0.08203125 0.04765625
0 0.5 0.22734375 0.08203125 0.0484375
0 0.85859375 0.81796875 0.08125 0.046875
0 0.8546875 0.3578125 0.08671875 0.04921875
0 0.853125 0.8875 0.0796875 0.05
0 0.49921875 0.359375 0.0828125 0.05234375