0 0.9109375 0.14921875 0.11640625 0.065625
0 0.80546875 0.22265625 0.11484375 0.06484375
0 0.25625 0.2140625 0.0859375 0.0546875
0 0.9 0.30546875 0.0796875 0.053125
0 0.903125 0.4984375 0.09296875 0.05703125
0 0.909375 0.23203125 0.084375 0.0546875
0 0.7859375 0.63046875 0.09375 0.053125
0 0.48359375 0.82109375 0.103125 0.05625
0 0.2515625 0.14453125 0.07890625 0.0515625
0 0.58125 0.15546875 0.08125 0.0515625
0 0.146875 0.290625 0.084375 0.053125
0 0.89375 0.36484375 0.0734375 0.0515625
0 0.140625 0.621875 0.08203125 0.05078125
0 0.48125 0.89296875 0.0921875 0.053125
0 0.90390625 0.62890625 0.08515625 0.0546875
0 0.14140625 0.421875 0.0859375 0.0484375
0 0.80703125 0.7625 0.09296875 0.04765625
0 0.90078125 0.42734375 0.08515625 0.05
0 0.80859375 0.1578125 0.0703125 0.05078125
0 0.81171875 0.69375 0.078125 0.0484375
0 0.58203125 0.8859375 0.07578125 0.05
0 0.49375 0.49375 0.08203125 0.05234375
0 0.89609375 0.7625 0.07578125 0.0515625
0 0.58671875 0.6234375 0.07890625 0.0515625
0 0.4875 0.1609375 0.08515625 0.053125
0 0.58359375 0.753125 0.07890625 0.046875
0 0.80625 0.90234375 0.08046875 0.0484375
0 0.496875 0.296875 0.0859375 0.04921875
0 0.89921875 0.825 0.0828125 0.0578125
0 0.58125 0.22421875 0.08203125 0.0546875
0 0.909375 0.70078125 0.096875 0.06015625
0 0.04765625 0.0921875 0.05703125 0.12890625
0 0.71171875 0.81328125 0.08515625 0.1015625
0 0.5859375 0.3578125 0.09140625 0.0578125
0 0.25859375 0.353125 0.08828125 0.05
0 0.24921875 0.61796875 0.09609375 0.05703125
0 0.27421875 0.89296875 0.09921875 0.0515625
0 0.5859375 0.42890625 0.08671875 0.05390625
0 0.89765625 0.90546875 0.08671875 0.053125
0 0.134375 0.81796875 0.08203125 0.046875
0 0.58671875 0.5609375 0.09453125 0.0578125
0 0.25703125 0.2828125 0.08125 0.0515625
0 0.346875 0.47421875 0.06328125 0.09296875
0 0.14375 0.484375 0.08359375 0.04921875
0 0.2640625 0.75703125 0.09765625 0.05859375
0 0.81015625 0.3015625 0.07734375 0.04765625
0 0.8140625 0.365625 0.07890625 0.05
0 0.81484375 0.48984375 0.07265625 0.05
0 0.26328125 0.4265625 0.0875 0.05078125
0 0.8109375 0.55546875 0.07734375 0.05
0 0.49296875 0.5578125 0.08828125 0.0546875
0 0.1375 0.3578125 0.08828125 0.05078125
0 0.1453125 0.55390625 0.08046875 0.04765625
0 0.81796875 0.42578125 0.075 0.0484375
0 0.49296875 0.228125 0.08203125 0.0484375
0 0.140625 0.8890625 0.08046875 0.0484375
0 0.5875 0.49453125 0.0859375 0.05
0 0.49375 0.3578125 0.08359375 0.0515625