0 0.0890625 0.1515625 0.11953125 0.0640625
0 0.1953125 0.2234375 0.1140625 0.06484375
0 0.7453125 0.21484375 0.0859375 0.0546875
0 0.096875 0.5 0.09609375 0.05625
0 0.1015625 0.30546875 0.08046875 0.0546875
0 0.090625 0.2296875 0.08203125 0.05625
0 0.24140625 0.634375 0.09140625 0.05625
0 0.4203125 0.15546875 0.08203125 0.0515625
0 0.85546875 0.290625 0.084375 0.05390625
0 0.51875 0.821875 0.1046875 0.05703125
0 0.8625 0.6234375 0.0828125 0.05078125
0 0.75234375 0.14453125 0.07578125 0.05078125
0 0.09765625 0.6296875 0.0859375 0.05625
0 0.8625 0.42265625 0.0875 0.05
0 0.1078125 0.36640625 0.075 0.0515625
0 0.19140625 0.76328125 0.084375 0.05078125
0 0.52265625 0.89453125 0.0890625 0.05390625
0 0.66171875 0.540625 0.053125 0.10703125
0 0.41953125 0.88828125 0.075 0.05078125
0 0.190625 0.69375 0.07734375 0.04921875
0 0.50703125 0.49453125 0.08359375 0.053125
0 0.09921875 0.428125 0.08515625 0.05
0 0.1921875 0.1578125 0.0703125 0.05078125
0 0.50390625 0.2953125 0.0859375 0.0484375
0 0.9578125 0.63046875 0.05546875 0.11875
0 0.41953125 0.7546875 0.08046875 0.04765625
0 0.7453125 0.353125 0.0875 0.05078125
0 0.41640625 0.625 0.07890625 0.05234375
0 0.7546875 0.6203125 0.1 0.0609375
0 0.415625 0.3578125 0.09296875 0.05859375
0 0.1046875 0.7640625 0.075 0.05234375
0 0.1953125 0.903125 0.0796875 0.05
0 0.85859375 0.48515625 0.084375 0.04921875
0 0.51640625 0.1609375 0.08671875 0.053125
0 0.41875 0.428125 0.0828125 0.0515625
0 0.74609375 0.2828125 0.08125 0.0515625
0 0.0921875 0.70234375 0.10234375 0.0609375
0 0.10546875 0.90625 0.08828125 0.05390625
0 0.190625 0.303125 0.078125 0.0484375
0 0.10234375 0.8265625 0.08671875 0.0609375
0 0.73125 0.89453125 0.0953125 0.05
0 0.41640625 0.56171875 0.09375 0.0578125
0 0.74140625 0.4265625 0.090625 0.0515625
0 0.41953125 0.22578125 0.08046875 0.05390625
0 0.5109375 0.559375 0.08984375 0.05546875
0 0.19140625 0.55625 0.07734375 0.05078125
0 0.8578125 0.5546875 0.08203125 0.0484375
0 0.86640625 0.35859375 0.0875 0.04921875
0 0.73828125 0.7578125 0.09921875 0.0609375
0 0.184375 0.4265625 0.07578125 0.04921875
0 0.284375 0.88984375 0.0453125 0.1203125
0 0.86875 0.81875 0.08203125 0.04609375
0 0.5078125 0.22734375 0.0828125 0.05
0 0.18828125 0.36640625 0.07890625 0.04921875
0 0.18828125 0.490625 0.071875 0.0484375
0 0.8625 0.890625 0.08046875 0.04921875
0 0.50859375 0.359375 0.08359375 0.0515625
0 0.41875 0.4953125 0.0765625 0.05