0 0.08671875 0.15546875 0.12109375 0.07421875
0 0.19375 0.22421875 0.1140625 0.06484375
0 0.090625 0.23203125 0.08671875 0.05546875
0 0.0984375 0.30546875 0.08125 0.05390625
0 0.74140625 0.21328125 0.08359375 0.053125
0 0.0953125 0.5 0.0921875 0.05703125
0 0.7453125 0.1453125 0.07890625 0.0515625
0 0.20390625 0.63046875 0.0890625 0.05234375
0 0.85 0.29140625 0.08203125 0.0515625
0 0.51328125 0.821875 0.103125 0.05546875
0 0.51875 0.89296875 0.08984375 0.05390625
0 0.1046875 0.3671875 0.075 0.05234375
0 0.41640625 0.15703125 0.08125 0.05078125
0 0.85625 0.621875 0.08203125 0.05
0 0.85703125 0.4234375 0.08671875 0.0484375
0 0.09453125 0.6296875 0.0859375 0.053125
0 0.18359375 0.76171875 0.07421875 0.05
0 0.1890625 0.15859375 0.07109375 0.0515625
0 0.1875 0.69296875 0.07890625 0.05078125
0 0.41640625 0.88671875 0.075 0.05
0 0.41484375 0.75390625 0.08046875 0.04765625
0 0.50390625 0.49453125 0.08125 0.05234375
0 0.090625 0.90546875 0.11328125 0.05390625
0 0.096875 0.42890625 0.084375 0.05078125
0 0.4125 0.359375 0.0921875 0.05859375
0 0.41171875 0.62578125 0.078125 0.05078125
0 0.4171875 0.22421875 0.0828125 0.0546875
0 0.10078125 0.76328125 0.07578125 0.05
0 0.509375 0.16171875 0.084375 0.053125
0 0.19140625 0.903125 0.08203125 0.0484375
0 0.6734375 0.49140625 0.06953125 0.078125
0 0.28125 0.81796875 0.084375 0.09765625
0 0.50078125 0.2984375 0.08515625 0.0484375
0 0.73359375 0.2828125 0.0921875 0.053125
0 0.09140625 0.82578125 0.1046875 0.059375
0 0.728125 0.89296875 0.0921875 0.05078125
0 0.0859375 0.7015625 0.10390625 0.0609375
0 0.18671875 0.303125 0.0765625 0.04765625
0 0.41015625 0.43125 0.084375 0.05390625
0 0.41171875 0.56171875 0.09296875 0.059375
0 0.18359375 0.490625 0.071875 0.0484375
0 0.85234375 0.48515625 0.0828125 0.0484375
0 0.86328125 0.81796875 0.08203125 0.046875
0 0.73203125 0.75703125 0.103125 0.059375
0 0.73515625 0.3546875 0.09453125 0.0515625
0 0.18984375 0.55390625 0.0765625 0.05
0 0.50703125 0.55859375 0.0859375 0.053125
0 0.7359375 0.42734375 0.08671875 0.05078125
0 0.184375 0.36484375 0.07890625 0.04921875
0 0.73828125 0.61953125 0.1140625 0.05859375
0 0.503125 0.22890625 0.0828125 0.04921875
0 0.85703125 0.8890625 0.08046875 0.0484375
0 0.18046875 0.4265625 0.07578125 0.0484375
0 0.85859375 0.35859375 0.08671875 0.05078125
0 0.4140625 0.496875 0.07578125 0.05234375
0 0.85234375 0.55625 0.08125 0.04765625
0 0.503125 0.359375 0.0828125 0.0515625