0 0.08828125 0.85390625 0.11796875 0.0703125
0 0.19453125 0.784375 0.1140625 0.065625
0 0.0984375 0.70078125 0.0828125 0.0546875
0 0.08671875 0.77734375 0.08359375 0.05546875
0 0.746875 0.79453125 0.08828125 0.05390625
0 0.09609375 0.50703125 0.0953125 0.05859375
0 0.85703125 0.7171875 0.084375 0.05390625
0 0.28515625 0.28125 0.04765625 0.134375
0 0.51875 0.18203125 0.10234375 0.05546875
0 0.75078125 0.86328125 0.08046875 0.053125
0 0.190625 0.85 0.0703125 0.05078125
0 0.41953125 0.8515625 0.08125 0.05078125
0 0.8640625 0.38359375 0.08203125 0.04765625
0 0.5078125 0.5109375 0.0828125 0.05390625
0 0.10546875 0.6390625 0.07421875 0.05078125
0 0.521875 0.1109375 0.08984375 0.05390625
0 0.41875 0.115625 0.07578125 0.05078125
0 0.865625 0.58671875 0.08515625 0.04765625
0 0.18515625 0.24140625 0.0765625 0.05078125
0 0.421875 0.78359375 0.084375 0.05546875
0 0.096875 0.375 0.0875 0.05390625
0 0.1890625 0.31171875 0.07890625 0.05
0 0.41484375 0.38046875 0.078125 0.04921875
0 0.19375 0.09921875 0.08203125 0.04921875
0 0.0984375 0.57734375 0.084375 0.05078125
0 0.74453125 0.6546875 0.090625 0.04921875
0 0.41796875 0.25078125 0.078125 0.046875
0 0.415625 0.64921875 0.09140625 0.05859375
0 0.41796875 0.57734375 0.084375 0.0515625
0 0.515625 0.84609375 0.08515625 0.053125
0 0.50625 0.709375 0.0875 0.04765625
0 0.0953125 0.096875 0.1046875 0.05390625
0 0.18828125 0.70234375 0.078125 0.046875
0 0.74375 0.72734375 0.0890625 0.05078125
0 0.41484375 0.4453125 0.0921875 0.05625
0 0.190625 0.44765625 0.078125 0.0515625
0 0.103125 0.240625 0.075 0.05078125
0 0.08828125 0.3015625 0.10078125 0.06171875
0 0.73984375 0.246875 0.1046875 0.059375
0 0.5125 0.446875 0.090625 0.05625
0 0.18203125 0.5796875 0.0765625 0.05
0 0.1015625 0.17421875 0.08203125 0.0625
0 0.75078125 0.38671875 0.10859375 0.0578125
0 0.1859375 0.63984375 0.08046875 0.0484375
0 0.7390625 0.57890625 0.096875 0.0515625
0 0.73125 0.1109375 0.1 0.0515625
0 0.8609375 0.521875 0.08671875 0.0484375
0 0.1859375 0.51640625 0.07265625 0.05078125
0 0.8703125 0.184375 0.08203125 0.04453125
0 0.5078125 0.7796875 0.08203125 0.05
0 0.86953125 0.6484375 0.0859375 0.05
0 0.5078125 0.64765625 0.08359375 0.0515625
0 0.8640625 0.1140625 0.08125 0.05
0 0.41796875 0.5125 0.078125 0.053125
0 0.859375 0.45078125 0.0828125 0.04765625