0 0.909375 0.85234375 0.115625 0.06640625
0 0.8015625 0.7796875 0.11640625 0.06484375
0 0.89765625 0.69609375 0.08046875 0.05546875
0 0.7234375 0.36953125 0.09375 0.0734375
0 0.25234375 0.7890625 0.0859375 0.0546875
0 0.90078125 0.50234375 0.09296875 0.05859375
0 0.90859375 0.77265625 0.08203125 0.05546875
0 0.14140625 0.71171875 0.0859375 0.05390625
0 0.13515625 0.3796875 0.08359375 0.05
0 0.5765625 0.846875 0.08203125 0.05078125
0 0.24765625 0.8578125 0.07890625 0.053125
0 0.4796875 0.1796875 0.1046875 0.05703125
0 0.13359375 0.58125 0.0859375 0.04921875
0 0.80546875 0.23828125 0.08671875 0.05
0 0.89140625 0.63671875 0.0734375 0.05
0 0.47578125 0.10859375 0.08828125 0.05390625
0 0.90078125 0.37109375 0.0875 0.05625
0 0.80859375 0.30703125 0.07890625 0.04921875
0 0.57890625 0.11328125 0.075 0.05
0 0.49140625 0.50859375 0.08359375 0.05234375
0 0.8015625 0.096875 0.08125 0.04921875
0 0.89765625 0.57265625 0.08359375 0.0515625
0 0.89296875 0.23984375 0.07734375 0.05234375
0 0.80625 0.84453125 0.07109375 0.0515625
0 0.57578125 0.77890625 0.0828125 0.05546875
0 0.253125 0.721875 0.08359375 0.0515625
0 0.2453125 0.6484375 0.08046875 0.05
0 0.57890625 0.24765625 0.08046875 0.04765625
0 0.49296875 0.7046875 0.08671875 0.0484375
0 0.89453125 0.175 0.08359375 0.06171875
0 0.89140625 0.09453125 0.08359375 0.053125
0 0.34296875 0.19453125 0.046875 0.10546875
0 0.9046875 0.29921875 0.09765625 0.06015625
0 0.58046875 0.57421875 0.0828125 0.0515625
0 0.58203125 0.3765625 0.07734375 0.05078125
0 0.25703125 0.5765625 0.09140625 0.0515625
0 0.13671875 0.51953125 0.0828125 0.0484375
0 0.2578125 0.2453125 0.0984375 0.06015625
0 0.5828125 0.440625 0.09140625 0.05703125
0 0.48203125 0.8421875 0.08671875 0.053125
0 0.58125 0.64375 0.0921875 0.059375
0 0.8078125 0.69921875 0.07734375 0.04765625
0 0.81015625 0.5109375 0.0703125 0.05
0 0.26640625 0.1078125 0.09453125 0.0515625
0 0.8078125 0.44609375 0.078125 0.0515625
0 0.13984375 0.446875 0.08359375 0.0484375
0 0.13046875 0.64453125 0.08984375 0.05
0 0.128125 0.1828125 0.08359375 0.04609375
0 0.4859375 0.44375 0.08984375 0.05625
0 0.8140625 0.57578125 0.07578125 0.04921875
0 0.8109375 0.6359375 0.07890625 0.0484375
0 0.4890625 0.775 0.08203125 0.05
0 0.13359375 0.1125 0.08125 0.05
0 0.5796875 0.50703125 0.078125 0.0515625
0 0.240625 0.38359375 0.0953125 0.0578125
0 0.490625 0.64296875 0.0828125 0.05234375