0 0.08671875 0.84453125 0.12109375 0.07421875
0 0.19375 0.77578125 0.1140625 0.06484375
0 0.090625 0.76796875 0.08671875 0.05546875
0 0.0984375 0.69453125 0.08125 0.05390625
0 0.74140625 0.78671875 0.08359375 0.053125
0 0.0953125 0.5 0.0921875 0.05703125
0 0.7453125 0.8546875 0.07890625 0.0515625
0 0.20390625 0.36953125 0.0890625 0.05234375
0 0.85 0.70859375 0.08203125 0.0515625
0 0.51328125 0.178125 0.103125 0.05546875
0 0.51875 0.10703125 0.08984375 0.05390625
0 0.1046875 0.6328125 0.075 0.05234375
0 0.41640625 0.84296875 0.08125 0.05078125
0 0.85625 0.378125 0.08203125 0.05
0 0.85703125 0.5765625 0.08671875 0.0484375
0 0.09453125 0.3703125 0.0859375 0.053125
0 0.18359375 0.23828125 0.07421875 0.05
0 0.1890625 0.84140625 0.07109375 0.0515625
0 0.1875 0.30703125 0.07890625 0.05078125
0 0.41640625 0.11328125 0.075 0.05
0 0.41484375 0.24609375 0.08046875 0.04765625
0 0.50390625 0.50546875 0.08125 0.05234375
0 0.090625 0.09453125 0.11328125 0.05390625
0 0.096875 0.57109375 0.084375 0.05078125
0 0.4125 0.640625 0.0921875 0.05859375
0 0.41171875 0.37421875 0.078125 0.05078125
0 0.4171875 0.77578125 0.0828125 0.0546875
0 0.10078125 0.23671875 0.07578125 0.05
0 0.509375 0.83828125 0.084375 0.053125
0 0.19140625 0.096875 0.08203125 0.0484375
0 0.6734375 0.50859375 0.06953125 0.078125
0 0.28125 0.18203125 0.084375 0.09765625
0 0.50078125 0.7015625 0.08515625 0.0484375
0 0.73359375 0.7171875 0.0921875 0.053125
0 0.09140625 0.17421875 0.1046875 0.059375
0 0.728125 0.10703125 0.0921875 0.05078125
0 0.0859375 0.2984375 0.10390625 0.0609375
0 0.18671875 0.696875 0.0765625 0.04765625
0 0.41015625 0.56875 0.084375 0.05390625
0 0.41171875 0.43828125 0.09296875 0.059375
0 0.18359375 0.509375 0.071875 0.0484375
0 0.85234375 0.51484375 0.0828125 0.0484375
0 0.86328125 0.18203125 0.08203125 0.046875
0 0.73203125 0.24296875 0.103125 0.059375
0 0.73515625 0.6453125 0.09453125 0.0515625
0 0.18984375 0.44609375 0.0765625 0.05
0 0.50703125 0.44140625 0.0859375 0.053125
0 0.7359375 0.57265625 0.08671875 0.05078125
0 0.184375 0.63515625 0.07890625 0.04921875
0 0.73828125 0.38046875 0.1140625 0.05859375
0 0.503125 0.77109375 0.0828125 0.04921875
0 0.85703125 0.1109375 0.08046875 0.0484375
0 0.18046875 0.5734375 0.07578125 0.0484375
0 0.85859375 0.64140625 0.08671875 0.05078125
0 0.4140625 0.503125 0.07578125 0.05234375
0 0.85234375 0.44375 0.08125 0.04765625
0 0.503125 0.640625 0.0828125 0.0515625