0 0.090625 0.85234375 0.115625 0.06640625
0 0.1984375 0.7796875 0.11640625 0.06484375
0 0.10234375 0.69609375 0.08046875 0.05546875
0 0.2765625 0.36953125 0.09375 0.0734375
0 0.74765625 0.7890625 0.0859375 0.0546875
0 0.09921875 0.50234375 0.09296875 0.05859375
0 0.09140625 0.77265625 0.08203125 0.05546875
0 0.85859375 0.71171875 0.0859375 0.05390625
0 0.86484375 0.3796875 0.08359375 0.05
0 0.4234375 0.846875 0.08203125 0.05078125
0 0.75234375 0.8578125 0.07890625 0.053125
0 0.5203125 0.1796875 0.1046875 0.05703125
0 0.86640625 0.58125 0.0859375 0.04921875
0 0.19453125 0.23828125 0.08671875 0.05
0 0.10859375 0.63671875 0.0734375 0.05
0 0.52421875 0.10859375 0.08828125 0.05390625
0 0.09921875 0.37109375 0.0875 0.05625
0 0.19140625 0.30703125 0.07890625 0.04921875
0 0.42109375 0.11328125 0.075 0.05
0 0.50859375 0.50859375 0.08359375 0.05234375
0 0.1984375 0.096875 0.08125 0.04921875
0 0.10234375 0.57265625 0.08359375 0.0515625
0 0.10703125 0.23984375 0.07734375 0.05234375
0 0.19375 0.84453125 0.07109375 0.0515625
0 0.42421875 0.77890625 0.0828125 0.05546875
0 0.746875 0.721875 0.08359375 0.0515625
0 0.7546875 0.6484375 0.08046875 0.05
0 0.42109375 0.24765625 0.08046875 0.04765625
0 0.50703125 0.7046875 0.08671875 0.0484375
0 0.10546875 0.175 0.08359375 0.06171875
0 0.10859375 0.09453125 0.08359375 0.053125
0 0.65703125 0.19453125 0.046875 0.10546875
0 0.0953125 0.29921875 0.09765625 0.06015625
0 0.41953125 0.57421875 0.0828125 0.0515625
0 0.41796875 0.3765625 0.07734375 0.05078125
0 0.74296875 0.5765625 0.09140625 0.0515625
0 0.86328125 0.51953125 0.0828125 0.0484375
0 0.7421875 0.2453125 0.0984375 0.06015625
0 0.4171875 0.440625 0.09140625 0.05703125
0 0.51796875 0.8421875 0.08671875 0.053125
0 0.41875 0.64375 0.0921875 0.059375
0 0.1921875 0.69921875 0.07734375 0.04765625
0 0.18984375 0.5109375 0.0703125 0.05
0 0.73359375 0.1078125 0.09453125 0.0515625
0 0.1921875 0.44609375 0.078125 0.0515625
0 0.86015625 0.446875 0.08359375 0.0484375
0 0.86953125 0.64453125 0.08984375 0.05
0 0.871875 0.1828125 0.08359375 0.04609375
0 0.5140625 0.44375 0.08984375 0.05625
0 0.1859375 0.57578125 0.07578125 0.04921875
0 0.1890625 0.6359375 0.07890625 0.0484375
0 0.5109375 0.775 0.08203125 0.05
0 0.86640625 0.1125 0.08125 0.05
0 0.4203125 0.50703125 0.078125 0.0515625
0 0.759375 0.38359375 0.0953125 0.0578125
0 0.509375 0.64296875 0.0828125 0.05234375