0 0.9171875 0.84453125 0.11796875 0.0703125
0 0.809375 0.7765625 0.1125 0.065625
0 0.9140625 0.76875 0.0859375 0.0546875
0 0.90546875 0.69453125 0.08203125 0.0546875
0 0.90625 0.5 0.09140625 0.05625
0 0.26484375 0.78515625 0.0859375 0.0546875
0 0.81171875 0.37109375 0.0859375 0.053125
0 0.48984375 0.17734375 0.10390625 0.05546875
0 0.25859375 0.85546875 0.0765625 0.05234375
0 0.82265625 0.2375 0.071875 0.05
0 0.9 0.6328125 0.0765625 0.053125
0 0.81484375 0.840625 0.06953125 0.05
0 0.1546875 0.70859375 0.08359375 0.053125
0 0.48359375 0.10703125 0.0890625 0.0546875
0 0.58671875 0.24609375 0.0796875 0.04765625
0 0.14765625 0.578125 0.0859375 0.0484375
0 0.815625 0.30625 0.0796875 0.0484375
0 0.14765625 0.378125 0.0828125 0.05078125
0 0.49921875 0.50546875 0.0828125 0.05234375
0 0.58828125 0.8421875 0.08203125 0.05078125
0 0.58671875 0.1125 0.075 0.05078125
0 0.90546875 0.56953125 0.08359375 0.0515625
0 0.8109375 0.09609375 0.08046875 0.05
0 0.5859375 0.775 0.08515625 0.05546875
0 0.90859375 0.09296875 0.103125 0.05390625
0 0.503125 0.70234375 0.0859375 0.0484375
0 0.59140625 0.375 0.078125 0.05078125
0 0.5921875 0.64140625 0.09375 0.05859375
0 0.7828125 0.17265625 0.08984375 0.05390625
0 0.90859375 0.3703125 0.08359375 0.05234375
0 0.9 0.2359375 0.075 0.05078125
0 0.815625 0.696875 0.07734375 0.0484375
0 0.903125 0.17265625 0.0828125 0.0546875
0 0.49375 0.8390625 0.0859375 0.05390625
0 0.81328125 0.44296875 0.0796875 0.04921875
0 0.81875 0.509375 0.0734375 0.0484375
0 0.81953125 0.634375 0.08046875 0.0484375
0 0.26484375 0.64609375 0.08984375 0.05
0 0.15078125 0.51484375 0.084375 0.04921875
0 0.5921875 0.4390625 0.09296875 0.0578125
0 0.278125 0.51328125 0.07421875 0.04921875
0 0.91796875 0.296875 0.1046875 0.06171875
0 0.27734375 0.10703125 0.09453125 0.0515625
0 0.58984375 0.56875 0.0828125 0.05234375
0 0.4953125 0.4421875 0.08828125 0.0546875
0 0.26875 0.71875 0.08828125 0.05234375
0 0.26875 0.575 0.09140625 0.05078125
0 0.821875 0.5734375 0.078125 0.04765625
0 0.25234375 0.38046875 0.09453125 0.05703125
0 0.26953125 0.24375 0.1015625 0.05859375
0 0.49921875 0.771875 0.0828125 0.05078125
0 0.5890625 0.50234375 0.078125 0.05390625
0 0.140625 0.18203125 0.08203125 0.0453125
0 0.14375 0.6421875 0.0875 0.04921875
0 0.15234375 0.44609375 0.08203125 0.04921875
0 0.50078125 0.640625 0.08359375 0.05234375
0 0.146875 0.1125 0.08046875 0.04921875
0 0.01640625 0.63671875 0.0296875 0.090625