0 0.090625 0.14765625 0.115625 0.06640625
0 0.1984375 0.2203125 0.11640625 0.06484375
0 0.10234375 0.30390625 0.08046875 0.05546875
0 0.2765625 0.63046875 0.09375 0.0734375
0 0.74765625 0.2109375 0.0859375 0.0546875
0 0.09921875 0.49765625 0.09296875 0.05859375
0 0.09140625 0.22734375 0.08203125 0.05546875
0 0.85859375 0.28828125 0.0859375 0.05390625
0 0.86484375 0.6203125 0.08359375 0.05
0 0.4234375 0.153125 0.08203125 0.05078125
0 0.75234375 0.1421875 0.07890625 0.053125
0 0.5203125 0.8203125 0.1046875 0.05703125
0 0.86640625 0.41875 0.0859375 0.04921875
0 0.19453125 0.76171875 0.08671875 0.05
0 0.10859375 0.36328125 0.0734375 0.05
0 0.52421875 0.89140625 0.08828125 0.05390625
0 0.09921875 0.62890625 0.0875 0.05625
0 0.19140625 0.69296875 0.07890625 0.04921875
0 0.42109375 0.88671875 0.075 0.05
0 0.50859375 0.49140625 0.08359375 0.05234375
0 0.1984375 0.903125 0.08125 0.04921875
0 0.10234375 0.42734375 0.08359375 0.0515625
0 0.10703125 0.76015625 0.07734375 0.05234375
0 0.19375 0.15546875 0.07109375 0.0515625
0 0.42421875 0.22109375 0.0828125 0.05546875
0 0.746875 0.278125 0.08359375 0.0515625
0 0.7546875 0.3515625 0.08046875 0.05
0 0.42109375 0.75234375 0.08046875 0.04765625
0 0.50703125 0.2953125 0.08671875 0.0484375
0 0.10546875 0.825 0.08359375 0.06171875
0 0.10859375 0.90546875 0.08359375 0.053125
0 0.65703125 0.80546875 0.046875 0.10546875
0 0.0953125 0.70078125 0.09765625 0.06015625
0 0.41953125 0.42578125 0.0828125 0.0515625
0 0.41796875 0.6234375 0.07734375 0.05078125
0 0.74296875 0.4234375 0.09140625 0.0515625
0 0.86328125 0.48046875 0.0828125 0.0484375
0 0.7421875 0.7546875 0.0984375 0.06015625
0 0.4171875 0.559375 0.09140625 0.05703125
0 0.51796875 0.1578125 0.08671875 0.053125
0 0.41875 0.35625 0.0921875 0.059375
0 0.1921875 0.30078125 0.07734375 0.04765625
0 0.18984375 0.4890625 0.0703125 0.05
0 0.73359375 0.8921875 0.09453125 0.0515625
0 0.1921875 0.55390625 0.078125 0.0515625
0 0.86015625 0.553125 0.08359375 0.0484375
0 0.86953125 0.35546875 0.08984375 0.05
0 0.871875 0.8171875 0.08359375 0.04609375
0 0.5140625 0.55625 0.08984375 0.05625
0 0.1859375 0.42421875 0.07578125 0.04921875
0 0.1890625 0.3640625 0.07890625 0.0484375
0 0.5109375 0.225 0.08203125 0.05
0 0.86640625 0.8875 0.08125 0.05
0 0.4203125 0.49296875 0.078125 0.0515625
0 0.759375 0.61640625 0.0953125 0.0578125
0 0.509375 0.35703125 0.0828125 0.05234375