0 0.08671875 0.14453125 0.11953125 0.0703125
0 0.19375 0.215625 0.1140625 0.06484375
0 0.09765625 0.2984375 0.0828125 0.0546875
0 0.0875 0.221875 0.0859375 0.0546875
0 0.7453125 0.20625 0.08671875 0.05390625
0 0.0953125 0.49296875 0.09375 0.05703125
0 0.7484375 0.1375 0.0828125 0.05234375
0 0.8546875 0.28515625 0.08515625 0.0546875
0 0.51640625 0.81796875 0.10390625 0.05625
0 0.190625 0.14921875 0.07109375 0.05078125
0 0.41875 0.1484375 0.08125 0.05078125
0 0.51953125 0.890625 0.09140625 0.05390625
0 0.09375 0.62265625 0.08828125 0.0609375
0 0.8609375 0.41484375 0.08671875 0.04765625
0 0.18125 0.75859375 0.07421875 0.0515625
0 0.284375 0.834375 0.0453125 0.1359375
0 0.1046875 0.359375 0.075 0.053125
0 0.50625 0.4890625 0.08203125 0.05390625
0 0.41640625 0.74921875 0.0796875 0.0484375
0 0.4203125 0.21640625 0.08671875 0.05625
0 0.86171875 0.61796875 0.08359375 0.0484375
0 0.4171875 0.884375 0.0765625 0.05
0 0.18671875 0.68828125 0.0796875 0.04921875
0 0.50234375 0.2890625 0.0859375 0.04921875
0 0.096875 0.42265625 0.08359375 0.0515625
0 0.0921875 0.825 0.09609375 0.05859375
0 0.74296875 0.346875 0.08984375 0.0484375
0 0.41484375 0.35078125 0.090625 0.0578125
0 0.415625 0.42265625 0.08203125 0.05078125
0 0.51484375 0.153125 0.0859375 0.05390625
0 0.19140625 0.90078125 0.08125 0.04921875
0 0.74375 0.27421875 0.08828125 0.0515625
0 0.4125 0.61953125 0.07734375 0.04921875
0 0.1015625 0.759375 0.071875 0.05
0 0.0921875 0.903125 0.1078125 0.05234375
0 0.084375 0.69765625 0.1046875 0.06171875
0 0.18828125 0.29609375 0.078125 0.04609375
0 0.4125 0.55546875 0.0921875 0.05859375
0 0.74140625 0.42109375 0.09453125 0.0515625
0 0.18828125 0.55234375 0.07890625 0.05234375
0 0.18203125 0.4203125 0.07578125 0.05
0 0.51015625 0.55234375 0.08828125 0.05625
0 0.7265625 0.890625 0.10078125 0.0515625
0 0.7421875 0.6140625 0.1171875 0.05703125
0 0.18515625 0.359375 0.08046875 0.05
0 0.73671875 0.75234375 0.10234375 0.059375
0 0.86796875 0.815625 0.08515625 0.04609375
0 0.18515625 0.484375 0.071875 0.05078125
0 0.85859375 0.47890625 0.08671875 0.0484375
0 0.865625 0.35234375 0.08828125 0.05
0 0.8578125 0.55234375 0.08359375 0.04765625
0 0.50625 0.353125 0.08359375 0.0515625
0 0.50703125 0.2203125 0.08125 0.04921875
0 0.41640625 0.48828125 0.078125 0.05078125
0 0.8609375 0.8875 0.08203125 0.05