0 0.9109375 0.1515625 0.11953125 0.0640625
0 0.8046875 0.2234375 0.1140625 0.06484375
0 0.2546875 0.21484375 0.0859375 0.0546875
0 0.903125 0.5 0.09609375 0.05625
0 0.8984375 0.30546875 0.08046875 0.0546875
0 0.909375 0.2296875 0.08203125 0.05625
0 0.75859375 0.634375 0.09140625 0.05625
0 0.5796875 0.15546875 0.08203125 0.0515625
0 0.14453125 0.290625 0.084375 0.05390625
0 0.48125 0.821875 0.1046875 0.05703125
0 0.1375 0.6234375 0.0828125 0.05078125
0 0.24765625 0.14453125 0.07578125 0.05078125
0 0.90234375 0.6296875 0.0859375 0.05625
0 0.1375 0.42265625 0.0875 0.05
0 0.8921875 0.36640625 0.075 0.0515625
0 0.80859375 0.76328125 0.084375 0.05078125
0 0.47734375 0.89453125 0.0890625 0.05390625
0 0.33828125 0.540625 0.053125 0.10703125
0 0.58046875 0.88828125 0.075 0.05078125
0 0.809375 0.69375 0.07734375 0.04921875
0 0.49296875 0.49453125 0.08359375 0.053125
0 0.90078125 0.428125 0.08515625 0.05
0 0.8078125 0.1578125 0.0703125 0.05078125
0 0.49609375 0.2953125 0.0859375 0.0484375
0 0.0421875 0.63046875 0.05546875 0.11875
0 0.58046875 0.7546875 0.08046875 0.04765625
0 0.2546875 0.353125 0.0875 0.05078125
0 0.58359375 0.625 0.07890625 0.05234375
0 0.2453125 0.6203125 0.1 0.0609375
0 0.584375 0.3578125 0.09296875 0.05859375
0 0.8953125 0.7640625 0.075 0.05234375
0 0.8046875 0.903125 0.0796875 0.05
0 0.14140625 0.48515625 0.084375 0.04921875
0 0.48359375 0.1609375 0.08671875 0.053125
0 0.58125 0.428125 0.0828125 0.0515625
0 0.25390625 0.2828125 0.08125 0.0515625
0 0.9078125 0.70234375 0.10234375 0.0609375
0 0.89453125 0.90625 0.08828125 0.05390625
0 0.809375 0.303125 0.078125 0.0484375
0 0.89765625 0.8265625 0.08671875 0.0609375
0 0.26875 0.89453125 0.0953125 0.05
0 0.58359375 0.56171875 0.09375 0.0578125
0 0.25859375 0.4265625 0.090625 0.0515625
0 0.58046875 0.22578125 0.08046875 0.05390625
0 0.4890625 0.559375 0.08984375 0.05546875
0 0.80859375 0.55625 0.07734375 0.05078125
0 0.1421875 0.5546875 0.08203125 0.0484375
0 0.13359375 0.35859375 0.0875 0.04921875
0 0.26171875 0.7578125 0.09921875 0.0609375
0 0.815625 0.4265625 0.07578125 0.04921875
0 0.715625 0.88984375 0.0453125 0.1203125
0 0.13125 0.81875 0.08203125 0.04609375
0 0.4921875 0.22734375 0.0828125 0.05
0 0.81171875 0.36640625 0.07890625 0.04921875
0 0.81171875 0.490625 0.071875 0.0484375
0 0.1375 0.890625 0.08046875 0.04921875
0 0.49140625 0.359375 0.08359375 0.0515625
0 0.58125 0.4953125 0.0765625 0.05