0 0.9109375 0.85078125 0.11640625 0.065625
0 0.80546875 0.77734375 0.11484375 0.06484375
0 0.25625 0.7859375 0.0859375 0.0546875
0 0.9 0.69453125 0.0796875 0.053125
0 0.903125 0.5015625 0.09296875 0.05703125
0 0.909375 0.76796875 0.084375 0.0546875
0 0.7859375 0.36953125 0.09375 0.053125
0 0.48359375 0.17890625 0.103125 0.05625
0 0.2515625 0.85546875 0.07890625 0.0515625
0 0.58125 0.84453125 0.08125 0.0515625
0 0.146875 0.709375 0.084375 0.053125
0 0.89375 0.63515625 0.0734375 0.0515625
0 0.140625 0.378125 0.08203125 0.05078125
0 0.48125 0.10703125 0.0921875 0.053125
0 0.90390625 0.37109375 0.08515625 0.0546875
0 0.14140625 0.578125 0.0859375 0.0484375
0 0.80703125 0.2375 0.09296875 0.04765625
0 0.90078125 0.57265625 0.08515625 0.05
0 0.80859375 0.8421875 0.0703125 0.05078125
0 0.81171875 0.30625 0.078125 0.0484375
0 0.58203125 0.1140625 0.07578125 0.05
0 0.49375 0.50625 0.08203125 0.05234375
0 0.89609375 0.2375 0.07578125 0.0515625
0 0.58671875 0.3765625 0.07890625 0.0515625
0 0.4875 0.8390625 0.08515625 0.053125
0 0.58359375 0.246875 0.07890625 0.046875
0 0.80625 0.09765625 0.08046875 0.0484375
0 0.496875 0.703125 0.0859375 0.04921875
0 0.89921875 0.175 0.0828125 0.0578125
0 0.58125 0.77578125 0.08203125 0.0546875
0 0.909375 0.29921875 0.096875 0.06015625
0 0.04765625 0.9078125 0.05703125 0.12890625
0 0.71171875 0.18671875 0.08515625 0.1015625
0 0.5859375 0.6421875 0.09140625 0.0578125
0 0.25859375 0.646875 0.08828125 0.05
0 0.24921875 0.38203125 0.09609375 0.05703125
0 0.27421875 0.10703125 0.09921875 0.0515625
0 0.5859375 0.57109375 0.08671875 0.05390625
0 0.89765625 0.09453125 0.08671875 0.053125
0 0.134375 0.18203125 0.08203125 0.046875
0 0.58671875 0.4390625 0.09453125 0.0578125
0 0.25703125 0.7171875 0.08125 0.0515625
0 0.346875 0.52578125 0.06328125 0.09296875
0 0.14375 0.515625 0.08359375 0.04921875
0 0.2640625 0.24296875 0.09765625 0.05859375
0 0.81015625 0.6984375 0.07734375 0.04765625
0 0.8140625 0.634375 0.07890625 0.05
0 0.81484375 0.51015625 0.07265625 0.05
0 0.26328125 0.5734375 0.0875 0.05078125
0 0.8109375 0.44453125 0.07734375 0.05
0 0.49296875 0.4421875 0.08828125 0.0546875
0 0.1375 0.6421875 0.08828125 0.05078125
0 0.1453125 0.44609375 0.08046875 0.04765625
0 0.81796875 0.57421875 0.075 0.0484375
0 0.49296875 0.771875 0.08203125 0.0484375
0 0.140625 0.1109375 0.08046875 0.0484375
0 0.5875 0.50546875 0.0859375 0.05
0 0.49375 0.6421875 0.08359375 0.0515625