0 0.0828125 0.15546875 0.11796875 0.0703125
0 0.190625 0.2234375 0.1125 0.065625
0 0.0859375 0.23125 0.0859375 0.0546875
0 0.09453125 0.30546875 0.08203125 0.0546875
0 0.09375 0.5 0.09140625 0.05625
0 0.73515625 0.21484375 0.0859375 0.0546875
0 0.18828125 0.62890625 0.0859375 0.053125
0 0.51015625 0.82265625 0.10390625 0.05546875
0 0.74140625 0.14453125 0.0765625 0.05234375
0 0.17734375 0.7625 0.071875 0.05
0 0.1 0.3671875 0.0765625 0.053125
0 0.18515625 0.159375 0.06953125 0.05
0 0.8453125 0.29140625 0.08359375 0.053125
0 0.51640625 0.89296875 0.0890625 0.0546875
0 0.41328125 0.75390625 0.0796875 0.04765625
0 0.85234375 0.421875 0.0859375 0.0484375
0 0.184375 0.69375 0.0796875 0.0484375
0 0.85234375 0.621875 0.0828125 0.05078125
0 0.50078125 0.49453125 0.0828125 0.05234375
0 0.41171875 0.1578125 0.08203125 0.05078125
0 0.41328125 0.8875 0.075 0.05078125
0 0.09453125 0.43046875 0.08359375 0.0515625
0 0.1890625 0.90390625 0.08046875 0.05
0 0.4140625 0.225 0.08515625 0.05546875
0 0.09140625 0.90703125 0.103125 0.05390625
0 0.496875 0.29765625 0.0859375 0.0484375
0 0.40859375 0.625 0.078125 0.05078125
0 0.4078125 0.35859375 0.09375 0.05859375
0 0.2171875 0.82734375 0.08984375 0.05390625
0 0.09140625 0.6296875 0.08359375 0.05234375
0 0.1 0.7640625 0.075 0.05078125
0 0.184375 0.303125 0.07734375 0.0484375
0 0.096875 0.82734375 0.0828125 0.0546875
0 0.50625 0.1609375 0.0859375 0.05390625
0 0.18671875 0.55703125 0.0796875 0.04921875
0 0.18125 0.490625 0.0734375 0.0484375
0 0.18046875 0.365625 0.08046875 0.0484375
0 0.73515625 0.35390625 0.08984375 0.05
0 0.84921875 0.48515625 0.084375 0.04921875
0 0.4078125 0.5609375 0.09296875 0.0578125
0 0.721875 0.48671875 0.07421875 0.04921875
0 0.08203125 0.703125 0.1046875 0.06171875
0 0.72265625 0.89296875 0.09453125 0.0515625
0 0.41015625 0.43125 0.0828125 0.05234375
0 0.5046875 0.5578125 0.08828125 0.0546875
0 0.73125 0.28125 0.08828125 0.05234375
0 0.73125 0.425 0.09140625 0.05078125
0 0.178125 0.4265625 0.078125 0.04765625
0 0.74765625 0.61953125 0.09453125 0.05703125
0 0.73046875 0.75625 0.1015625 0.05859375
0 0.50078125 0.228125 0.0828125 0.05078125
0 0.4109375 0.49765625 0.078125 0.05390625
0 0.859375 0.81796875 0.08203125 0.0453125
0 0.85625 0.3578125 0.0875 0.04921875
0 0.84765625 0.55390625 0.08203125 0.04921875
0 0.49921875 0.359375 0.08359375 0.05234375
0 0.853125 0.8875 0.08046875 0.04921875
0 0.98359375 0.36328125 0.0296875 0.090625