0 0.0890625 0.14921875 0.11640625 0.065625
0 0.19453125 0.22265625 0.11484375 0.06484375
0 0.74375 0.2140625 0.0859375 0.0546875
0 0.1 0.30546875 0.0796875 0.053125
0 0.096875 0.4984375 0.09296875 0.05703125
0 0.090625 0.23203125 0.084375 0.0546875
0 0.2140625 0.63046875 0.09375 0.053125
0 0.51640625 0.82109375 0.103125 0.05625
0 0.7484375 0.14453125 0.07890625 0.0515625
0 0.41875 0.15546875 0.08125 0.0515625
0 0.853125 0.290625 0.084375 0.053125
0 0.10625 0.36484375 0.0734375 0.0515625
0 0.859375 0.621875 0.08203125 0.05078125
0 0.51875 0.89296875 0.0921875 0.053125
0 0.09609375 0.62890625 0.08515625 0.0546875
0 0.85859375 0.421875 0.0859375 0.0484375
0 0.19296875 0.7625 0.09296875 0.04765625
0 0.09921875 0.42734375 0.08515625 0.05
0 0.19140625 0.1578125 0.0703125 0.05078125
0 0.18828125 0.69375 0.078125 0.0484375
0 0.41796875 0.8859375 0.07578125 0.05
0 0.50625 0.49375 0.08203125 0.05234375
0 0.10390625 0.7625 0.07578125 0.0515625
0 0.41328125 0.6234375 0.07890625 0.0515625
0 0.5125 0.1609375 0.08515625 0.053125
0 0.41640625 0.753125 0.07890625 0.046875
0 0.19375 0.90234375 0.08046875 0.0484375
0 0.503125 0.296875 0.0859375 0.04921875
0 0.10078125 0.825 0.0828125 0.0578125
0 0.41875 0.22421875 0.08203125 0.0546875
0 0.090625 0.70078125 0.096875 0.06015625
0 0.95234375 0.0921875 0.05703125 0.12890625
0 0.28828125 0.81328125 0.08515625 0.1015625
0 0.4140625 0.3578125 0.09140625 0.0578125
0 0.74140625 0.353125 0.08828125 0.05
0 0.75078125 0.61796875 0.09609375 0.05703125
0 0.72578125 0.89296875 0.09921875 0.0515625
0 0.4140625 0.42890625 0.08671875 0.05390625
0 0.10234375 0.90546875 0.08671875 0.053125
0 0.865625 0.81796875 0.08203125 0.046875
0 0.41328125 0.5609375 0.09453125 0.0578125
0 0.74296875 0.2828125 0.08125 0.0515625
0 0.653125 0.47421875 0.06328125 0.09296875
0 0.85625 0.484375 0.08359375 0.04921875
0 0.7359375 0.75703125 0.09765625 0.05859375
0 0.18984375 0.3015625 0.07734375 0.04765625
0 0.1859375 0.365625 0.07890625 0.05
0 0.18515625 0.48984375 0.07265625 0.05
0 0.73671875 0.4265625 0.0875 0.05078125
0 0.1890625 0.55546875 0.07734375 0.05
0 0.50703125 0.5578125 0.08828125 0.0546875
0 0.8625 0.3578125 0.08828125 0.05078125
0 0.8546875 0.55390625 0.08046875 0.04765625
0 0.18203125 0.42578125 0.075 0.0484375
0 0.50703125 0.228125 0.08203125 0.0484375
0 0.859375 0.8890625 0.08046875 0.0484375
0 0.4125 0.49453125 0.0859375 0.05
0 0.50625 0.3578125 0.08359375 0.0515625