0 0.90703125 0.14765625 0.115625 0.0703125
0 0.80078125 0.2203125 0.1140625 0.06484375
0 0.89609375 0.30234375 0.08125 0.05703125
0 0.25 0.2109375 0.084375 0.05390625
0 0.71484375 0.62890625 0.09296875 0.0828125
0 0.89921875 0.496875 0.09453125 0.05859375
0 0.909375 0.2265625 0.07890625 0.05546875
0 0.1390625 0.28828125 0.0859375 0.053125
0 0.57578125 0.15234375 0.08125 0.05078125
0 0.80546875 0.1546875 0.071875 0.05
0 0.47734375 0.81953125 0.1046875 0.05625
0 0.246875 0.140625 0.08046875 0.053125
0 0.13359375 0.61953125 0.08203125 0.0484375
0 0.88984375 0.36328125 0.0734375 0.05
0 0.13203125 0.41953125 0.0859375 0.0484375
0 0.4890625 0.49140625 0.08359375 0.053125
0 0.4734375 0.89140625 0.08828125 0.05390625
0 0.8078125 0.69296875 0.078125 0.05
0 0.4921875 0.29296875 0.08671875 0.04921875
0 0.90078125 0.62890625 0.08671875 0.05546875
0 0.57734375 0.75234375 0.08125 0.04765625
0 0.8015625 0.9015625 0.08046875 0.05
0 0.57734375 0.8859375 0.0765625 0.05078125
0 0.89609375 0.42734375 0.084375 0.05078125
0 0.2515625 0.2765625 0.084375 0.05078125
0 0.890625 0.9046875 0.084375 0.0515625
0 0.57421875 0.22109375 0.0859375 0.0546875
0 0.57734375 0.42421875 0.08203125 0.0515625
0 0.89296875 0.7625 0.07421875 0.0515625
0 0.58046875 0.35546875 0.09375 0.059375
0 0.89296875 0.8265625 0.08203125 0.06171875
0 0.9046875 0.70078125 0.09765625 0.059375
0 0.809375 0.4875 0.07265625 0.05078125
0 0.2421875 0.61875 0.10234375 0.06015625
0 0.48125 0.15703125 0.084375 0.053125
0 0.24375 0.35078125 0.0796875 0.05
0 0.346875 0.9578125 0.03984375 0.0765625
0 0.58046875 0.62265625 0.078125 0.05
0 0.58046875 0.5578125 0.09140625 0.05625
0 0.80703125 0.30078125 0.078125 0.04765625
0 0.1359375 0.48046875 0.0828125 0.04921875
0 0.25703125 0.4234375 0.09375 0.05078125
0 0.81328125 0.4234375 0.07578125 0.05
0 0.8078125 0.55390625 0.078125 0.0515625
0 0.484375 0.55546875 0.090625 0.05546875
0 0.1265625 0.8171875 0.08203125 0.0453125
0 0.8125 0.7609375 0.07109375 0.05078125
0 0.2546875 0.88984375 0.07734375 0.05
0 0.1375 0.55234375 0.0828125 0.04921875
0 0.25859375 0.75390625 0.10234375 0.059375
0 0.809375 0.36328125 0.0796875 0.04921875
0 0.12890625 0.3546875 0.0875 0.05078125
0 0.4875 0.22421875 0.08125 0.05
0 0.5796875 0.49140625 0.08046875 0.053125
0 0.13203125 0.88671875 0.08046875 0.04921875
0 0.48828125 0.35625 0.08359375 0.0515625