0 0.91171875 0.14609375 0.11796875 0.0703125
0 0.80546875 0.215625 0.1140625 0.065625
0 0.9015625 0.29921875 0.0828125 0.0546875
0 0.91328125 0.22265625 0.08359375 0.05546875
0 0.253125 0.20546875 0.08828125 0.05390625
0 0.90390625 0.49296875 0.0953125 0.05859375
0 0.14296875 0.2828125 0.084375 0.05390625
0 0.71484375 0.71875 0.04765625 0.134375
0 0.48125 0.81796875 0.10234375 0.05546875
0 0.24921875 0.13671875 0.08046875 0.053125
0 0.809375 0.15 0.0703125 0.05078125
0 0.58046875 0.1484375 0.08125 0.05078125
0 0.1359375 0.61640625 0.08203125 0.04765625
0 0.4921875 0.4890625 0.0828125 0.05390625
0 0.89453125 0.3609375 0.07421875 0.05078125
0 0.478125 0.8890625 0.08984375 0.05390625
0 0.58125 0.884375 0.07578125 0.05078125
0 0.134375 0.41328125 0.08515625 0.04765625
0 0.81484375 0.75859375 0.0765625 0.05078125
0 0.578125 0.21640625 0.084375 0.05546875
0 0.903125 0.625 0.0875 0.05390625
0 0.8109375 0.68828125 0.07890625 0.05
0 0.58515625 0.61953125 0.078125 0.04921875
0 0.80625 0.90078125 0.08203125 0.04921875
0 0.9015625 0.42265625 0.084375 0.05078125
0 0.25546875 0.3453125 0.090625 0.04921875
0 0.58203125 0.74921875 0.078125 0.046875
0 0.584375 0.35078125 0.09140625 0.05859375
0 0.58203125 0.42265625 0.084375 0.0515625
0 0.484375 0.15390625 0.08515625 0.053125
0 0.49375 0.290625 0.0875 0.04765625
0 0.9046875 0.903125 0.1046875 0.05390625
0 0.81171875 0.29765625 0.078125 0.046875
0 0.25625 0.27265625 0.0890625 0.05078125
0 0.58515625 0.5546875 0.0921875 0.05625
0 0.809375 0.55234375 0.078125 0.0515625
0 0.896875 0.759375 0.075 0.05078125
0 0.91171875 0.6984375 0.10078125 0.06171875
0 0.26015625 0.753125 0.1046875 0.059375
0 0.4875 0.553125 0.090625 0.05625
0 0.81796875 0.4203125 0.0765625 0.05
0 0.8984375 0.82578125 0.08203125 0.0625
0 0.24921875 0.61328125 0.10859375 0.0578125
0 0.8140625 0.36015625 0.08046875 0.0484375
0 0.2609375 0.42109375 0.096875 0.0515625
0 0.26875 0.8890625 0.1 0.0515625
0 0.1390625 0.478125 0.08671875 0.0484375
0 0.8140625 0.48359375 0.07265625 0.05078125
0 0.1296875 0.815625 0.08203125 0.04453125
0 0.4921875 0.2203125 0.08203125 0.05
0 0.13046875 0.3515625 0.0859375 0.05
0 0.4921875 0.35234375 0.08359375 0.0515625
0 0.1359375 0.8859375 0.08125 0.05
0 0.58203125 0.4875 0.078125 0.053125
0 0.140625 0.54921875 0.0828125 0.04765625