0 0.909375 0.77265625 0.09296875 0.06328125
0 0.90703125 0.84765625 0.115625 0.0625
0 0.89296875 0.69609375 0.0765625 0.0609375
0 0.8890625 0.63671875 0.0734375 0.05078125
0 0.79921875 0.78046875 0.11640625 0.06484375
0 0.246875 0.7921875 0.084375 0.0546875
0 0.89921875 0.503125 0.0921875 0.0578125
0 0.13828125 0.7140625 0.084375 0.053125
0 0.57265625 0.7796875 0.084375 0.05703125
0 0.80625 0.30859375 0.08046875 0.04921875
0 0.4875 0.509375 0.084375 0.05390625
0 0.57578125 0.8484375 0.08046875 0.0515625
0 0.89765625 0.575 0.084375 0.05078125
0 0.13125 0.58046875 0.08671875 0.0484375
0 0.80546875 0.8453125 0.071875 0.05078125
0 0.13203125 0.38125 0.0828125 0.05
0 0.49140625 0.70859375 0.0859375 0.05
0 0.5765625 0.575 0.0828125 0.0515625
0 0.89140625 0.2375 0.07421875 0.05078125
0 0.90078125 0.37109375 0.08828125 0.05546875
0 0.24765625 0.64921875 0.08828125 0.04921875
0 0.80078125 0.2375 0.09140625 0.05078125
0 0.89296875 0.1734375 0.0828125 0.065625
0 0.5796875 0.3765625 0.078125 0.05
0 0.80859375 0.5125 0.071875 0.05
0 0.8015625 0.096875 0.0796875 0.05
0 0.80625 0.44453125 0.0796875 0.05
0 0.5765625 0.1125 0.07578125 0.05078125
0 0.80625 0.7 0.07734375 0.046875
0 0.578125 0.24765625 0.08359375 0.04765625
0 0.2453125 0.86015625 0.08046875 0.05234375
0 0.81171875 0.5765625 0.0765625 0.05
0 0.25390625 0.5765625 0.09296875 0.05078125
0 0.2546875 0.72421875 0.090625 0.05390625
0 0.48359375 0.44453125 0.08984375 0.05546875
0 0.471875 0.10859375 0.08984375 0.0546875
0 0.57890625 0.64453125 0.09375 0.06015625
0 0.47734375 0.1796875 0.1046875 0.05546875
0 0.4796875 0.84375 0.08515625 0.05390625
0 0.90546875 0.2984375 0.1 0.06015625
0 0.12421875 0.1828125 0.0828125 0.04609375
0 0.128125 0.6453125 0.08828125 0.05234375
0 0.134375 0.51796875 0.08515625 0.0484375
0 0.80859375 0.63671875 0.07890625 0.04921875
0 0.58046875 0.4421875 0.0921875 0.05703125
0 0.4859375 0.77578125 0.08125 0.04921875
0 0.89140625 0.0953125 0.08828125 0.05234375
0 0.26015625 0.10859375 0.09140625 0.05078125
0 0.578125 0.509375 0.08125 0.05390625
0 0.4875 0.64375 0.08359375 0.0515625
0 0.69453125 0.378125 0.096875 0.10546875
0 0.134375 0.446875 0.08203125 0.04921875
0 0.25703125 0.2453125 0.1046875 0.06015625
0 0.23359375 0.38515625 0.090625 0.053125
0 0.1296875 0.11328125 0.08125 0.04921875