0 0.090625 0.22734375 0.09296875 0.06328125
0 0.09296875 0.15234375 0.115625 0.0625
0 0.10703125 0.30390625 0.0765625 0.0609375
0 0.1109375 0.36328125 0.0734375 0.05078125
0 0.20078125 0.21953125 0.11640625 0.06484375
0 0.753125 0.2078125 0.084375 0.0546875
0 0.10078125 0.496875 0.0921875 0.0578125
0 0.86171875 0.2859375 0.084375 0.053125
0 0.42734375 0.2203125 0.084375 0.05703125
0 0.19375 0.69140625 0.08046875 0.04921875
0 0.5125 0.490625 0.084375 0.05390625
0 0.42421875 0.1515625 0.08046875 0.0515625
0 0.10234375 0.425 0.084375 0.05078125
0 0.86875 0.41953125 0.08671875 0.0484375
0 0.19453125 0.1546875 0.071875 0.05078125
0 0.86796875 0.61875 0.0828125 0.05
0 0.50859375 0.29140625 0.0859375 0.05
0 0.4234375 0.425 0.0828125 0.0515625
0 0.10859375 0.7625 0.07421875 0.05078125
0 0.09921875 0.62890625 0.08828125 0.05546875
0 0.75234375 0.35078125 0.08828125 0.04921875
0 0.19921875 0.7625 0.09140625 0.05078125
0 0.10703125 0.8265625 0.0828125 0.065625
0 0.4203125 0.6234375 0.078125 0.05
0 0.19140625 0.4875 0.071875 0.05
0 0.1984375 0.903125 0.0796875 0.05
0 0.19375 0.55546875 0.0796875 0.05
0 0.4234375 0.8875 0.07578125 0.05078125
0 0.19375 0.3 0.07734375 0.046875
0 0.421875 0.75234375 0.08359375 0.04765625
0 0.7546875 0.13984375 0.08046875 0.05234375
0 0.18828125 0.4234375 0.0765625 0.05
0 0.74609375 0.4234375 0.09296875 0.05078125
0 0.7453125 0.27578125 0.090625 0.05390625
0 0.51640625 0.55546875 0.08984375 0.05546875
0 0.528125 0.89140625 0.08984375 0.0546875
0 0.42109375 0.35546875 0.09375 0.06015625
0 0.52265625 0.8203125 0.1046875 0.05546875
0 0.5203125 0.15625 0.08515625 0.05390625
0 0.09453125 0.7015625 0.1 0.06015625
0 0.87578125 0.8171875 0.0828125 0.04609375
0 0.871875 0.3546875 0.08828125 0.05234375
0 0.865625 0.48203125 0.08515625 0.0484375
0 0.19140625 0.36328125 0.07890625 0.04921875
0 0.41953125 0.5578125 0.0921875 0.05703125
0 0.5140625 0.22421875 0.08125 0.04921875
0 0.10859375 0.9046875 0.08828125 0.05234375
0 0.73984375 0.89140625 0.09140625 0.05078125
0 0.421875 0.490625 0.08125 0.05390625
0 0.5125 0.35625 0.08359375 0.0515625
0 0.30546875 0.621875 0.096875 0.10546875
0 0.865625 0.553125 0.08203125 0.04921875
0 0.74296875 0.7546875 0.1046875 0.06015625
0 0.76640625 0.61484375 0.090625 0.053125
0 0.8703125 0.88671875 0.08125 0.04921875