0 0.08359375 0.84453125 0.115625 0.0671875
0 0.19140625 0.77578125 0.11328125 0.065625
0 0.09453125 0.69453125 0.08125 0.0546875
0 0.0859375 0.7671875 0.08515625 0.05625
0 0.09375 0.50078125 0.09140625 0.05625
0 0.73515625 0.784375 0.0859375 0.05546875
0 0.84453125 0.71015625 0.084375 0.05390625
0 0.1890625 0.37109375 0.0859375 0.053125
0 0.509375 0.178125 0.1046875 0.0546875
0 0.41328125 0.84296875 0.08125 0.05078125
0 0.74140625 0.85546875 0.07734375 0.05234375
0 0.85234375 0.378125 0.08203125 0.05
0 0.17734375 0.2375 0.07109375 0.05078125
0 0.18515625 0.840625 0.06953125 0.05078125
0 0.85234375 0.578125 0.0859375 0.04765625
0 0.51640625 0.1078125 0.08828125 0.05390625
0 0.184375 0.3078125 0.07890625 0.0515625
0 0.1 0.63203125 0.07578125 0.05234375
0 0.50078125 0.5046875 0.08203125 0.05234375
0 0.41328125 0.246875 0.07890625 0.046875
0 0.41328125 0.775 0.0859375 0.05546875
0 0.4125 0.11328125 0.075 0.05
0 0.50546875 0.8390625 0.08515625 0.053125
0 0.09375 0.5703125 0.08359375 0.0515625
0 0.0984375 0.23671875 0.07578125 0.0515625
0 0.40859375 0.37578125 0.0765625 0.05078125
0 0.496875 0.70234375 0.084375 0.0484375
0 0.090625 0.09296875 0.10546875 0.05390625
0 0.18828125 0.096875 0.07890625 0.04921875
0 0.09609375 0.1734375 0.0859375 0.05625
0 0.184375 0.69765625 0.078125 0.04921875
0 0.7203125 0.51328125 0.075 0.0484375
0 0.41015625 0.640625 0.09296875 0.05859375
0 0.2296875 0.17265625 0.090625 0.0578125
0 0.08984375 0.37109375 0.0890625 0.05390625
0 0.40703125 0.4390625 0.09375 0.059375
0 0.41015625 0.56875 0.08203125 0.0515625
0 0.8484375 0.51640625 0.0828125 0.0484375
0 0.18125 0.50859375 0.07421875 0.0484375
0 0.18515625 0.4453125 0.07890625 0.05
0 0.72421875 0.10859375 0.09140625 0.05
0 0.7328125 0.6453125 0.09140625 0.05
0 0.18125 0.634375 0.0796875 0.04921875
0 0.5046875 0.4421875 0.0859375 0.0546875
0 0.08203125 0.29765625 0.103125 0.0609375
0 0.73125 0.57421875 0.08671875 0.05078125
0 0.17734375 0.5734375 0.0765625 0.04765625
0 0.7296875 0.24375 0.09921875 0.06015625
0 0.73671875 0.7171875 0.0796875 0.05078125
0 0.41171875 0.503125 0.0765625 0.05234375
0 0.73828125 0.38046875 0.10703125 0.059375
0 0.846875 0.446875 0.08203125 0.04765625
0 0.5 0.77265625 0.08203125 0.0484375
0 0.85859375 0.18203125 0.08125 0.046875
0 0.8546875 0.6421875 0.08671875 0.04921875
0 0.853125 0.1125 0.0796875 0.05
0 0.49921875 0.640625 0.0828125 0.05234375