0 0.08828125 0.14765625 0.121875 0.07265625
0 0.19609375 0.2171875 0.1140625 0.06484375
0 0.1 0.30078125 0.08046875 0.05546875
0 0.0984375 0.49453125 0.09296875 0.0578125
0 0.0890625 0.2234375 0.08359375 0.05625
0 0.7484375 0.20703125 0.08828125 0.05546875
0 0.8578125 0.284375 0.0859375 0.0546875
0 0.5203125 0.81953125 0.10390625 0.05546875
0 0.421875 0.14921875 0.08046875 0.05
0 0.75078125 0.13828125 0.08046875 0.05234375
0 0.096875 0.62734375 0.0890625 0.0546875
0 0.2890625 0.67421875 0.06484375 0.13203125
0 0.10703125 0.36171875 0.071875 0.0515625
0 0.1921875 0.15078125 0.06953125 0.05
0 0.52421875 0.890625 0.0890625 0.0546875
0 0.865625 0.61796875 0.0828125 0.0484375
0 0.50859375 0.4890625 0.08359375 0.05390625
0 0.50703125 0.28984375 0.0859375 0.04921875
0 0.18359375 0.76015625 0.07109375 0.05078125
0 0.09921875 0.4234375 0.084375 0.05078125
0 0.4203125 0.884375 0.07578125 0.05078125
0 0.86640625 0.41484375 0.08515625 0.0484375
0 0.4203125 0.75078125 0.08046875 0.04765625
0 0.190625 0.6890625 0.078125 0.04921875
0 0.42421875 0.21796875 0.08515625 0.05546875
0 0.75 0.346875 0.084375 0.0484375
0 0.19609375 0.90078125 0.08125 0.04921875
0 0.41875 0.42265625 0.08359375 0.05078125
0 0.4171875 0.621875 0.078125 0.05
0 0.10546875 0.76015625 0.07578125 0.05234375
0 0.51796875 0.1546875 0.08671875 0.05390625
0 0.18984375 0.29765625 0.078125 0.0484375
0 0.10234375 0.8265625 0.08515625 0.06328125
0 0.1046875 0.90390625 0.090625 0.05390625
0 0.4171875 0.35234375 0.0921875 0.059375
0 0.7546875 0.61328125 0.1046875 0.0578125
0 0.08828125 0.6984375 0.1046875 0.0625
0 0.41640625 0.55546875 0.090625 0.05703125
0 0.190625 0.55390625 0.07890625 0.05078125
0 0.5125 0.55390625 0.09140625 0.05625
0 0.74375 0.42109375 0.09140625 0.0515625
0 0.18671875 0.48671875 0.0734375 0.05078125
0 0.7484375 0.27421875 0.084375 0.05234375
0 0.73203125 0.890625 0.09609375 0.0515625
0 0.184375 0.42109375 0.0765625 0.04921875
0 0.73984375 0.75234375 0.10234375 0.059375
0 0.8625 0.47890625 0.0875 0.04921875
0 0.871875 0.815625 0.08359375 0.0453125
0 0.8703125 0.353125 0.08828125 0.05078125
0 0.51015625 0.221875 0.0828125 0.05
0 0.1875 0.36015625 0.07890625 0.046875
0 0.8609375 0.55234375 0.084375 0.0484375
0 0.509375 0.35390625 0.08359375 0.05078125
0 0.86640625 0.8859375 0.08203125 0.05
0 0.41875 0.4890625 0.0796875 0.053125