0 0.91484375 0.15234375 0.1140625 0.06171875
0 0.80859375 0.22421875 0.1125 0.065625
0 0.91328125 0.23203125 0.08671875 0.05546875
0 0.9046875 0.30546875 0.08125 0.0546875
0 0.90625 0.5 0.0921875 0.05546875
0 0.2640625 0.21484375 0.08515625 0.0546875
0 0.8109375 0.62890625 0.0859375 0.053125
0 0.25859375 0.14453125 0.0765625 0.05078125
0 0.1546875 0.29140625 0.084375 0.05390625
0 0.9 0.36796875 0.075 0.053125
0 0.49921875 0.4953125 0.0828125 0.053125
0 0.48359375 0.8921875 0.08984375 0.0546875
0 0.8140625 0.15859375 0.06875 0.05078125
0 0.5875 0.15703125 0.08125 0.05078125
0 0.48984375 0.821875 0.103125 0.0546875
0 0.90859375 0.62734375 0.0859375 0.05703125
0 0.1484375 0.621875 0.0828125 0.05
0 0.8203125 0.7625 0.0734375 0.05
0 0.81484375 0.69375 0.08046875 0.04921875
0 0.14765625 0.421875 0.0859375 0.0484375
0 0.5875 0.88671875 0.075 0.05
0 0.58671875 0.75390625 0.0796875 0.04609375
0 0.90625 0.4296875 0.08359375 0.0515625
0 0.58515625 0.2234375 0.08515625 0.0546875
0 0.49453125 0.16171875 0.08515625 0.053125
0 0.59140625 0.62421875 0.07734375 0.05078125
0 0.59140625 0.359375 0.09296875 0.05859375
0 0.9046875 0.90703125 0.0953125 0.053125
0 0.9015625 0.76171875 0.075 0.0515625
0 0.503125 0.29765625 0.08515625 0.0484375
0 0.81484375 0.303125 0.07734375 0.0484375
0 0.28046875 0.4875 0.075 0.0484375
0 0.75625 0.82734375 0.0890625 0.06640625
0 0.81015625 0.90234375 0.078125 0.0484375
0 0.90234375 0.8265625 0.08359375 0.05546875
0 0.59140625 0.56015625 0.09296875 0.059375
0 0.91484375 0.70234375 0.09921875 0.06015625
0 0.59140625 0.43046875 0.08203125 0.05078125
0 0.81328125 0.55390625 0.0796875 0.05078125
0 0.81875 0.365625 0.07890625 0.04921875
0 0.81875 0.490625 0.0734375 0.0484375
0 0.25234375 0.61953125 0.09609375 0.0578125
0 0.27578125 0.89140625 0.09296875 0.0515625
0 0.15078125 0.4859375 0.08359375 0.04921875
0 0.821875 0.42578125 0.07578125 0.046875
0 0.26796875 0.42578125 0.0890625 0.05078125
0 0.2703125 0.28359375 0.090625 0.05234375
0 0.49375 0.55859375 0.0859375 0.05390625
0 0.2703125 0.75625 0.1015625 0.06015625
0 0.26796875 0.35546875 0.0921875 0.05
0 0.1515625 0.55390625 0.08203125 0.04921875
0 0.58984375 0.496875 0.07890625 0.05234375
0 0.49921875 0.22734375 0.08203125 0.05
0 0.14140625 0.81796875 0.0828125 0.0453125
0 0.14375 0.35859375 0.08828125 0.05
0 0.49921875 0.36015625 0.08203125 0.05078125
0 0.14765625 0.8875 0.08125 0.04921875