0 0.09140625 0.15390625 0.11484375 0.06484375
0 0.2921875 0.94921875 0.0390625 0.09453125
0 0.865625 0.8890625 0.0828125 0.04765625
0 0.9703125 0.8984375 0.04609375 0.12109375
0 0.7328125 0.89453125 0.09453125 0.05
0 0.8703125 0.81796875 0.08359375 0.04609375
0 0.196875 0.22265625 0.11640625 0.06484375
0 0.42109375 0.7546875 0.08125 0.04765625
0 0.196875 0.903125 0.08203125 0.05
0 0.7421875 0.75703125 0.09453125 0.059375
0 0.8609375 0.484375 0.08515625 0.05
0 0.5125 0.55859375 0.0890625 0.0546875
0 0.103125 0.82734375 0.08671875 0.0640625
0 0.86015625 0.55390625 0.08203125 0.04765625
0 0.19140625 0.55625 0.07890625 0.05078125
0 0.09296875 0.70234375 0.1 0.06015625
0 0.7390625 0.4265625 0.09453125 0.0515625
0 0.09453125 0.90703125 0.10703125 0.0546875
0 0.52421875 0.89375 0.08984375 0.05390625
0 0.86875 0.35859375 0.0875 0.04921875
0 0.86328125 0.62265625 0.0828125 0.04921875
0 0.4171875 0.62421875 0.08046875 0.05234375
0 0.4203125 0.88828125 0.07578125 0.05078125
0 0.19140625 0.30234375 0.078125 0.0484375
0 0.74375 0.28203125 0.0890625 0.05078125
0 0.19140625 0.69375 0.07890625 0.04921875
0 0.8640625 0.421875 0.08671875 0.0484375
0 0.7546875 0.61953125 0.103125 0.06171875
0 0.51953125 0.821875 0.1046875 0.05625
0 0.509375 0.22734375 0.08203125 0.05
0 0.5171875 0.1609375 0.0875 0.05390625
0 0.1 0.62890625 0.0875 0.059375
0 0.18828125 0.48984375 0.07265625 0.0484375
0 0.10078125 0.4296875 0.084375 0.05
0 0.18828125 0.3671875 0.0796875 0.04921875
0 0.41640625 0.56171875 0.09296875 0.05859375
0 0.50703125 0.296875 0.0875 0.0484375
0 0.18515625 0.42578125 0.07734375 0.0484375
0 0.1953125 0.76328125 0.0890625 0.05
0 0.10546875 0.76484375 0.07421875 0.0515625
0 0.4234375 0.22421875 0.08671875 0.05546875
0 0.50859375 0.49453125 0.08359375 0.05234375
0 0.421875 0.15546875 0.08046875 0.0515625
0 0.509375 0.35859375 0.0828125 0.05234375
0 0.19296875 0.1578125 0.07109375 0.0515625
0 0.4203125 0.428125 0.0828125 0.0515625
0 0.75078125 0.14453125 0.078125 0.05234375
0 0.85703125 0.28984375 0.084375 0.05390625
0 0.0984375 0.5 0.09453125 0.05703125
0 0.10859375 0.365625 0.0734375 0.05
0 0.74609375 0.3515625 0.08515625 0.04921875
0 0.41796875 0.3578125 0.09296875 0.059375
0 0.09140625 0.2296875 0.0828125 0.05703125
0 0.4203125 0.4953125 0.07890625 0.05
0 0.665625 0.653125 0.03984375 0.10546875
0 0.74609375 0.2140625 0.08671875 0.0546875
0 0.10234375 0.30546875 0.0796875 0.0546875
0 0.259375 0.6328125 0.09296875 0.06328125