0 0.09140625 0.14921875 0.1203125 0.0734375
0 0.19921875 0.21953125 0.11640625 0.06484375
0 0.10234375 0.3015625 0.0796875 0.05546875
0 0.10078125 0.49609375 0.09453125 0.05703125
0 0.753125 0.2078125 0.08515625 0.05390625
0 0.090625 0.22578125 0.0796875 0.05546875
0 0.3046875 0.625 0.09296875 0.11015625
0 0.86171875 0.28515625 0.0859375 0.05234375
0 0.4234375 0.15078125 0.08046875 0.05078125
0 0.52421875 0.8203125 0.103125 0.05546875
0 0.753125 0.1390625 0.08203125 0.05234375
0 0.19453125 0.153125 0.071875 0.05
0 0.1109375 0.36328125 0.0734375 0.0515625
0 0.86796875 0.61953125 0.0828125 0.0484375
0 0.5125 0.49140625 0.08359375 0.053125
0 0.1921875 0.6921875 0.078125 0.0484375
0 0.528125 0.8921875 0.0890625 0.0546875
0 0.8703125 0.415625 0.08671875 0.0484375
0 0.1875 0.76015625 0.07109375 0.05078125
0 0.425 0.21875 0.0859375 0.05625
0 0.5078125 0.29140625 0.08671875 0.04921875
0 0.0984375 0.6265625 0.08515625 0.05703125
0 0.4234375 0.7515625 0.08046875 0.04765625
0 0.4234375 0.8859375 0.075 0.05078125
0 0.10234375 0.425 0.084375 0.05078125
0 0.196875 0.90234375 0.08203125 0.05
0 0.42265625 0.42421875 0.08203125 0.05
0 0.51953125 0.15625 0.08515625 0.05234375
0 0.4203125 0.3546875 0.09296875 0.05859375
0 0.10859375 0.90390625 0.084375 0.05234375
0 0.0953125 0.70078125 0.0984375 0.059375
0 0.10703125 0.7625 0.07578125 0.0515625
0 0.10625 0.82578125 0.08515625 0.0640625
0 0.7515625 0.3484375 0.0890625 0.04921875
0 0.41875 0.5578125 0.0921875 0.05546875
0 0.74375 0.27578125 0.09375 0.05234375
0 0.74765625 0.4234375 0.0921875 0.0515625
0 0.86640625 0.48046875 0.084375 0.0484375
0 0.19296875 0.29921875 0.078125 0.046875
0 0.190625 0.4875 0.07265625 0.05078125
0 0.51796875 0.55546875 0.08984375 0.05546875
0 0.19296875 0.55546875 0.08046875 0.05078125
0 0.4171875 0.6203125 0.07890625 0.0484375
0 0.87265625 0.35390625 0.0890625 0.05078125
0 0.87578125 0.8171875 0.08359375 0.04609375
0 0.74453125 0.7546875 0.09921875 0.059375
0 0.19140625 0.36328125 0.0796875 0.04921875
0 0.73515625 0.8921875 0.096875 0.05078125
0 0.1875 0.4234375 0.07578125 0.05
0 0.86640625 0.553125 0.0828125 0.0484375
0 0.76640625 0.61484375 0.09140625 0.0546875
0 0.5140625 0.2234375 0.08203125 0.05
0 0.86953125 0.88671875 0.08125 0.04921875
0 0.4203125 0.49140625 0.08203125 0.05234375
0 0.5125 0.35546875 0.08359375 0.0515625