0 0.08515625 0.15234375 0.12265625 0.07265625
0 0.19296875 0.2234375 0.11484375 0.065625
0 0.090625 0.23203125 0.08671875 0.05546875
0 0.0984375 0.30546875 0.08125 0.05390625
0 0.7421875 0.2140625 0.08515625 0.05390625
0 0.0953125 0.5 0.09296875 0.05703125
0 0.746875 0.1453125 0.07734375 0.05078125
0 0.85078125 0.290625 0.08359375 0.05234375
0 0.21015625 0.63125 0.0921875 0.0515625
0 0.4171875 0.15546875 0.08203125 0.05234375
0 0.5125 0.821875 0.1046875 0.05625
0 0.1046875 0.3671875 0.075 0.05234375
0 0.51875 0.89296875 0.090625 0.05390625
0 0.85703125 0.6234375 0.08203125 0.0484375
0 0.85703125 0.42265625 0.0859375 0.0484375
0 0.0953125 0.628125 0.0859375 0.05625
0 0.1875 0.69375 0.0796875 0.04921875
0 0.184375 0.76171875 0.07578125 0.05078125
0 0.503125 0.49375 0.08203125 0.053125
0 0.41640625 0.8859375 0.07578125 0.05
0 0.18984375 0.15859375 0.07109375 0.05
0 0.096875 0.428125 0.08515625 0.05
0 0.4171875 0.225 0.08359375 0.05546875
0 0.415625 0.753125 0.07890625 0.04765625
0 0.41171875 0.625 0.078125 0.05078125
0 0.5109375 0.1609375 0.08515625 0.05234375
0 0.1921875 0.903125 0.0828125 0.05
0 0.10078125 0.90625 0.09140625 0.0546875
0 0.1015625 0.82734375 0.084375 0.06015625
0 0.1875 0.30234375 0.0765625 0.046875
0 0.5015625 0.29765625 0.084375 0.04921875
0 0.6515625 0.478125 0.06484375 0.0921875
0 0.41328125 0.35859375 0.09140625 0.0578125
0 0.1015625 0.76328125 0.075 0.0515625
0 0.73671875 0.35390625 0.0921875 0.0515625
0 0.73203125 0.2828125 0.09609375 0.053125
0 0.08671875 0.7015625 0.10234375 0.06171875
0 0.85390625 0.484375 0.0828125 0.0484375
0 0.72734375 0.89296875 0.09453125 0.05078125
0 0.74921875 0.61875 0.096875 0.0546875
0 0.2875 0.81171875 0.08515625 0.1015625
0 0.41328125 0.4296875 0.08203125 0.05078125
0 0.86328125 0.81875 0.08359375 0.046875
0 0.41171875 0.56171875 0.09375 0.059375
0 0.73515625 0.42734375 0.08984375 0.05078125
0 0.184375 0.36484375 0.078125 0.04921875
0 0.7328125 0.75625 0.10390625 0.059375
0 0.50859375 0.559375 0.08828125 0.0546875
0 0.1890625 0.5546875 0.07578125 0.05
0 0.184375 0.490625 0.071875 0.04921875
0 0.18046875 0.425 0.07578125 0.046875
0 0.86015625 0.35859375 0.0875 0.05
0 0.85234375 0.5546875 0.08125 0.046875
0 0.50390625 0.22890625 0.08203125 0.0484375
0 0.8578125 0.88828125 0.0796875 0.0484375
0 0.415625 0.49609375 0.07734375 0.0515625
0 0.503125 0.359375 0.08203125 0.0515625