0 0.91171875 0.85234375 0.121875 0.07265625
0 0.80390625 0.7828125 0.1140625 0.06484375
0 0.9 0.69921875 0.08046875 0.05546875
0 0.9015625 0.50546875 0.09296875 0.0578125
0 0.9109375 0.7765625 0.08359375 0.05625
0 0.2515625 0.79296875 0.08828125 0.05546875
0 0.1421875 0.715625 0.0859375 0.0546875
0 0.4796875 0.18046875 0.10390625 0.05546875
0 0.578125 0.85078125 0.08046875 0.05
0 0.24921875 0.86171875 0.08046875 0.05234375
0 0.903125 0.37265625 0.0890625 0.0546875
0 0.7109375 0.32578125 0.06484375 0.13203125
0 0.89296875 0.63828125 0.071875 0.0515625
0 0.8078125 0.84921875 0.06953125 0.05
0 0.47578125 0.109375 0.0890625 0.0546875
0 0.134375 0.38203125 0.0828125 0.0484375
0 0.49140625 0.5109375 0.08359375 0.05390625
0 0.49296875 0.71015625 0.0859375 0.04921875
0 0.81640625 0.23984375 0.07109375 0.05078125
0 0.90078125 0.5765625 0.084375 0.05078125
0 0.5796875 0.115625 0.07578125 0.05078125
0 0.13359375 0.58515625 0.08515625 0.0484375
0 0.5796875 0.24921875 0.08046875 0.04765625
0 0.809375 0.3109375 0.078125 0.04921875
0 0.57578125 0.78203125 0.08515625 0.05546875
0 0.25 0.653125 0.084375 0.0484375
0 0.80390625 0.09921875 0.08125 0.04921875
0 0.58125 0.57734375 0.08359375 0.05078125
0 0.5828125 0.378125 0.078125 0.05
0 0.89453125 0.23984375 0.07578125 0.05234375
0 0.48203125 0.8453125 0.08671875 0.05390625
0 0.81015625 0.70234375 0.078125 0.0484375
0 0.89765625 0.1734375 0.08515625 0.06328125
0 0.8953125 0.09609375 0.090625 0.05390625
0 0.5828125 0.64765625 0.0921875 0.059375
0 0.2453125 0.38671875 0.1046875 0.0578125
0 0.91171875 0.3015625 0.1046875 0.0625
0 0.58359375 0.44453125 0.090625 0.05703125
0 0.809375 0.44609375 0.07890625 0.05078125
0 0.4875 0.44609375 0.09140625 0.05625
0 0.25625 0.57890625 0.09140625 0.0515625
0 0.81328125 0.51328125 0.0734375 0.05078125
0 0.2515625 0.72578125 0.084375 0.05234375
0 0.26796875 0.109375 0.09609375 0.0515625
0 0.815625 0.57890625 0.0765625 0.04921875
0 0.26015625 0.24765625 0.10234375 0.059375
0 0.1375 0.52109375 0.0875 0.04921875
0 0.128125 0.184375 0.08359375 0.0453125
0 0.1296875 0.646875 0.08828125 0.05078125
0 0.48984375 0.778125 0.0828125 0.05
0 0.8125 0.63984375 0.07890625 0.046875
0 0.1390625 0.44765625 0.084375 0.0484375
0 0.490625 0.64609375 0.08359375 0.05078125
0 0.13359375 0.1140625 0.08203125 0.05
0 0.58125 0.5109375 0.0796875 0.053125