0 0.91328125 0.84453125 0.12109375 0.07421875
0 0.80625 0.77578125 0.1140625 0.06484375
0 0.909375 0.76796875 0.08671875 0.05546875
0 0.9015625 0.69453125 0.08125 0.05390625
0 0.25859375 0.78671875 0.08359375 0.053125
0 0.9046875 0.5 0.0921875 0.05703125
0 0.2546875 0.8546875 0.07890625 0.0515625
0 0.79609375 0.36953125 0.0890625 0.05234375
0 0.15 0.70859375 0.08203125 0.0515625
0 0.48671875 0.178125 0.103125 0.05546875
0 0.48125 0.10703125 0.08984375 0.05390625
0 0.8953125 0.6328125 0.075 0.05234375
0 0.58359375 0.84296875 0.08125 0.05078125
0 0.14375 0.378125 0.08203125 0.05
0 0.14296875 0.5765625 0.08671875 0.0484375
0 0.90546875 0.3703125 0.0859375 0.053125
0 0.81640625 0.23828125 0.07421875 0.05
0 0.8109375 0.84140625 0.07109375 0.0515625
0 0.8125 0.30703125 0.07890625 0.05078125
0 0.58359375 0.11328125 0.075 0.05
0 0.58515625 0.24609375 0.08046875 0.04765625
0 0.49609375 0.50546875 0.08125 0.05234375
0 0.909375 0.09453125 0.11328125 0.05390625
0 0.903125 0.57109375 0.084375 0.05078125
0 0.5875 0.640625 0.0921875 0.05859375
0 0.58828125 0.37421875 0.078125 0.05078125
0 0.5828125 0.77578125 0.0828125 0.0546875
0 0.89921875 0.23671875 0.07578125 0.05
0 0.490625 0.83828125 0.084375 0.053125
0 0.80859375 0.096875 0.08203125 0.0484375
0 0.3265625 0.50859375 0.06953125 0.078125
0 0.71875 0.18203125 0.084375 0.09765625
0 0.49921875 0.7015625 0.08515625 0.0484375
0 0.26640625 0.7171875 0.0921875 0.053125
0 0.90859375 0.17421875 0.1046875 0.059375
0 0.271875 0.10703125 0.0921875 0.05078125
0 0.9140625 0.2984375 0.10390625 0.0609375
0 0.81328125 0.696875 0.0765625 0.04765625
0 0.58984375 0.56875 0.084375 0.05390625
0 0.58828125 0.43828125 0.09296875 0.059375
0 0.81640625 0.509375 0.071875 0.0484375
0 0.14765625 0.51484375 0.0828125 0.0484375
0 0.13671875 0.18203125 0.08203125 0.046875
0 0.26796875 0.24296875 0.103125 0.059375
0 0.26484375 0.6453125 0.09453125 0.0515625
0 0.81015625 0.44609375 0.0765625 0.05
0 0.49296875 0.44140625 0.0859375 0.053125
0 0.2640625 0.57265625 0.08671875 0.05078125
0 0.815625 0.63515625 0.07890625 0.04921875
0 0.26171875 0.38046875 0.1140625 0.05859375
0 0.496875 0.77109375 0.0828125 0.04921875
0 0.14296875 0.1109375 0.08046875 0.0484375
0 0.81953125 0.5734375 0.07578125 0.0484375
0 0.14140625 0.64140625 0.08671875 0.05078125
0 0.5859375 0.503125 0.07578125 0.05234375
0 0.14765625 0.44375 0.08125 0.04765625
0 0.496875 0.640625 0.0828125 0.0515625