0 0.91484375 0.84765625 0.1140625 0.06171875
0 0.80859375 0.77578125 0.1125 0.065625
0 0.91328125 0.76796875 0.08671875 0.05546875
0 0.9046875 0.69453125 0.08125 0.0546875
0 0.90625 0.5 0.0921875 0.05546875
0 0.2640625 0.78515625 0.08515625 0.0546875
0 0.8109375 0.37109375 0.0859375 0.053125
0 0.25859375 0.85546875 0.0765625 0.05078125
0 0.1546875 0.70859375 0.084375 0.05390625
0 0.9 0.63203125 0.075 0.053125
0 0.49921875 0.5046875 0.0828125 0.053125
0 0.48359375 0.1078125 0.08984375 0.0546875
0 0.8140625 0.84140625 0.06875 0.05078125
0 0.5875 0.84296875 0.08125 0.05078125
0 0.48984375 0.178125 0.103125 0.0546875
0 0.90859375 0.37265625 0.0859375 0.05703125
0 0.1484375 0.378125 0.0828125 0.05
0 0.8203125 0.2375 0.0734375 0.05
0 0.81484375 0.30625 0.08046875 0.04921875
0 0.14765625 0.578125 0.0859375 0.0484375
0 0.5875 0.11328125 0.075 0.05
0 0.58671875 0.24609375 0.0796875 0.04609375
0 0.90625 0.5703125 0.08359375 0.0515625
0 0.58515625 0.7765625 0.08515625 0.0546875
0 0.49453125 0.83828125 0.08515625 0.053125
0 0.59140625 0.37578125 0.07734375 0.05078125
0 0.59140625 0.640625 0.09296875 0.05859375
0 0.9046875 0.09296875 0.0953125 0.053125
0 0.9015625 0.23828125 0.075 0.0515625
0 0.503125 0.70234375 0.08515625 0.0484375
0 0.81484375 0.696875 0.07734375 0.0484375
0 0.28046875 0.5125 0.075 0.0484375
0 0.75625 0.17265625 0.0890625 0.06640625
0 0.81015625 0.09765625 0.078125 0.0484375
0 0.90234375 0.1734375 0.08359375 0.05546875
0 0.59140625 0.43984375 0.09296875 0.059375
0 0.91484375 0.29765625 0.09921875 0.06015625
0 0.59140625 0.56953125 0.08203125 0.05078125
0 0.81328125 0.44609375 0.0796875 0.05078125
0 0.81875 0.634375 0.07890625 0.04921875
0 0.81875 0.509375 0.0734375 0.0484375
0 0.25234375 0.38046875 0.09609375 0.0578125
0 0.27578125 0.10859375 0.09296875 0.0515625
0 0.15078125 0.5140625 0.08359375 0.04921875
0 0.821875 0.57421875 0.07578125 0.046875
0 0.26796875 0.57421875 0.0890625 0.05078125
0 0.2703125 0.71640625 0.090625 0.05234375
0 0.49375 0.44140625 0.0859375 0.05390625
0 0.2703125 0.24375 0.1015625 0.06015625
0 0.26796875 0.64453125 0.0921875 0.05
0 0.1515625 0.44609375 0.08203125 0.04921875
0 0.58984375 0.503125 0.07890625 0.05234375
0 0.49921875 0.77265625 0.08203125 0.05
0 0.14140625 0.18203125 0.0828125 0.0453125
0 0.14375 0.64140625 0.08828125 0.05
0 0.49921875 0.63984375 0.08203125 0.05078125
0 0.14765625 0.1125 0.08125 0.04921875