0 0.90859375 0.84609375 0.11484375 0.06484375
0 0.7078125 0.05078125 0.0390625 0.09453125
0 0.134375 0.1109375 0.0828125 0.04765625
0 0.0296875 0.1015625 0.04609375 0.12109375
0 0.2671875 0.10546875 0.09453125 0.05
0 0.1296875 0.18203125 0.08359375 0.04609375
0 0.803125 0.77734375 0.11640625 0.06484375
0 0.57890625 0.2453125 0.08125 0.04765625
0 0.803125 0.096875 0.08203125 0.05
0 0.2578125 0.24296875 0.09453125 0.059375
0 0.1390625 0.515625 0.08515625 0.05
0 0.4875 0.44140625 0.0890625 0.0546875
0 0.896875 0.17265625 0.08671875 0.0640625
0 0.13984375 0.44609375 0.08203125 0.04765625
0 0.80859375 0.44375 0.07890625 0.05078125
0 0.90703125 0.29765625 0.1 0.06015625
0 0.2609375 0.5734375 0.09453125 0.0515625
0 0.90546875 0.09296875 0.10703125 0.0546875
0 0.47578125 0.10625 0.08984375 0.05390625
0 0.13125 0.64140625 0.0875 0.04921875
0 0.13671875 0.37734375 0.0828125 0.04921875
0 0.5828125 0.37578125 0.08046875 0.05234375
0 0.5796875 0.11171875 0.07578125 0.05078125
0 0.80859375 0.69765625 0.078125 0.0484375
0 0.25625 0.71796875 0.0890625 0.05078125
0 0.80859375 0.30625 0.07890625 0.04921875
0 0.1359375 0.578125 0.08671875 0.0484375
0 0.2453125 0.38046875 0.103125 0.06171875
0 0.48046875 0.178125 0.1046875 0.05625
0 0.490625 0.77265625 0.08203125 0.05
0 0.4828125 0.8390625 0.0875 0.05390625
0 0.9 0.37109375 0.0875 0.059375
0 0.81171875 0.51015625 0.07265625 0.0484375
0 0.89921875 0.5703125 0.084375 0.05
0 0.81171875 0.6328125 0.0796875 0.04921875
0 0.58359375 0.43828125 0.09296875 0.05859375
0 0.49296875 0.703125 0.0875 0.0484375
0 0.81484375 0.57421875 0.07734375 0.0484375
0 0.8046875 0.23671875 0.0890625 0.05
0 0.89453125 0.23515625 0.07421875 0.0515625
0 0.5765625 0.77578125 0.08671875 0.05546875
0 0.49140625 0.50546875 0.08359375 0.05234375
0 0.578125 0.84453125 0.08046875 0.0515625
0 0.490625 0.64140625 0.0828125 0.05234375
0 0.80703125 0.8421875 0.07109375 0.0515625
0 0.5796875 0.571875 0.0828125 0.0515625
0 0.24921875 0.85546875 0.078125 0.05234375
0 0.14296875 0.71015625 0.084375 0.05390625
0 0.9015625 0.5 0.09453125 0.05703125
0 0.89140625 0.634375 0.0734375 0.05
0 0.25390625 0.6484375 0.08515625 0.04921875
0 0.58203125 0.6421875 0.09296875 0.059375
0 0.90859375 0.7703125 0.0828125 0.05703125
0 0.5796875 0.5046875 0.07890625 0.05
0 0.334375 0.346875 0.03984375 0.10546875
0 0.25390625 0.7859375 0.08671875 0.0546875
0 0.89765625 0.69453125 0.0796875 0.0546875
0 0.740625 0.3671875 0.09296875 0.06328125