0 0.09296875 0.14765625 0.115625 0.0703125
0 0.19921875 0.2203125 0.1140625 0.06484375
0 0.10390625 0.30234375 0.08125 0.05703125
0 0.75 0.2109375 0.084375 0.05390625
0 0.28515625 0.62890625 0.09296875 0.0828125
0 0.10078125 0.496875 0.09453125 0.05859375
0 0.090625 0.2265625 0.07890625 0.05546875
0 0.8609375 0.28828125 0.0859375 0.053125
0 0.42421875 0.15234375 0.08125 0.05078125
0 0.19453125 0.1546875 0.071875 0.05
0 0.52265625 0.81953125 0.1046875 0.05625
0 0.753125 0.140625 0.08046875 0.053125
0 0.86640625 0.61953125 0.08203125 0.0484375
0 0.11015625 0.36328125 0.0734375 0.05
0 0.86796875 0.41953125 0.0859375 0.0484375
0 0.5109375 0.49140625 0.08359375 0.053125
0 0.5265625 0.89140625 0.08828125 0.05390625
0 0.1921875 0.69296875 0.078125 0.05
0 0.5078125 0.29296875 0.08671875 0.04921875
0 0.09921875 0.62890625 0.08671875 0.05546875
0 0.42265625 0.75234375 0.08125 0.04765625
0 0.1984375 0.9015625 0.08046875 0.05
0 0.42265625 0.8859375 0.0765625 0.05078125
0 0.10390625 0.42734375 0.084375 0.05078125
0 0.7484375 0.2765625 0.084375 0.05078125
0 0.109375 0.9046875 0.084375 0.0515625
0 0.42578125 0.22109375 0.0859375 0.0546875
0 0.42265625 0.42421875 0.08203125 0.0515625
0 0.10703125 0.7625 0.07421875 0.0515625
0 0.41953125 0.35546875 0.09375 0.059375
0 0.10703125 0.8265625 0.08203125 0.06171875
0 0.0953125 0.70078125 0.09765625 0.059375
0 0.190625 0.4875 0.07265625 0.05078125
0 0.7578125 0.61875 0.10234375 0.06015625
0 0.51875 0.15703125 0.084375 0.053125
0 0.75625 0.35078125 0.0796875 0.05
0 0.653125 0.9578125 0.03984375 0.0765625
0 0.41953125 0.62265625 0.078125 0.05
0 0.41953125 0.5578125 0.09140625 0.05625
0 0.19296875 0.30078125 0.078125 0.04765625
0 0.8640625 0.48046875 0.0828125 0.04921875
0 0.74296875 0.4234375 0.09375 0.05078125
0 0.18671875 0.4234375 0.07578125 0.05
0 0.1921875 0.55390625 0.078125 0.0515625
0 0.515625 0.55546875 0.090625 0.05546875
0 0.8734375 0.8171875 0.08203125 0.0453125
0 0.1875 0.7609375 0.07109375 0.05078125
0 0.7453125 0.88984375 0.07734375 0.05
0 0.8625 0.55234375 0.0828125 0.04921875
0 0.74140625 0.75390625 0.10234375 0.059375
0 0.190625 0.36328125 0.0796875 0.04921875
0 0.87109375 0.3546875 0.0875 0.05078125
0 0.5125 0.22421875 0.08125 0.05
0 0.4203125 0.49140625 0.08046875 0.053125
0 0.86796875 0.88671875 0.08046875 0.04921875
0 0.51171875 0.35625 0.08359375 0.0515625